0.94 0.24 -0.21 -0.26 0.96 -0.06 0.19 0.11 0.97
0.95 0.24 -0.21 -0.26 0.96 -0.06 0.18 0.11 0.97
0.95 0.24 -0.21 -0.26 0.96 -0.06 0.18 0.11 0.97
0.95 0.24 -0.21 -0.26 0.96 -0.06 0.18 0.11 0.97
0.95 0.24 -0.21 -0.26 0.96 -0.06 0.18 0.11 0.97
0.95 0.24 -0.21 -0.26 0.96 -0.07 0.18 0.11 0.97
0.95 0.24 -0.21 -0.26 0.96 -0.07 0.18 0.11 0.97
0.95 0.24 -0.2 -0.26 0.96 -0.07 0.18 0.12 0.97
0.95 0.24 -0.2 -0.26 0.96 -0.07 0.18 0.12 0.97
0.95 0.24 -0.2 -0.26 0.96 -0.07 0.18 0.12 0.97
0.95 0.24 -0.2 -0.26 0.96 -0.07 0.18 0.12 0.97
0.95 0.24 -0.2 -0.26 0.96 -0.07 0.18 0.12 0.97
0.95 0.24 -0.2 -0.26 0.96 -0.07 0.18 0.12 0.97
0.95 0.24 -0.2 -0.26 0.96 -0.07 0.18 0.12 0.97
0.95 0.24 -0.2 -0.26 0.96 -0.07 0.18 0.12 0.97
0.95 0.24 -0.2 -0.26 0.96 -0.07 0.18 0.12 0.97
0.95 0.24 -0.2 -0.26 0.96 -0.07 0.18 0.12 0.97
0.95 0.24 -0.2 -0.26 0.96 -0.07 0.18 0.12 0.97
0.95 0.24 -0.2 -0.26 0.96 -0.07 0.18 0.12 0.97
0.95 0.24 -0.2 -0.26 0.96 -0.07 0.18 0.12 0.97
0.95 0.24 -0.2 -0.26 0.96 -0.07 0.18 0.12 0.97
0.95 0.24 -0.2 -0.26 0.96 -0.07 0.18 0.12 0.97
0.95 0.24 -0.2 -0.26 0.96 -0.07 0.18 0.12 0.97
0.95 0.24 -0.2 -0.26 0.96 -0.07 0.18 0.12 0.97
0.95 0.24 -0.2 -0.26 0.96 -0.07 0.18 0.12 0.97
0.95 0.24 -0.2 -0.26 0.96 -0.07 0.18 0.12 0.97
0.95 0.24 -0.2 -0.26 0.96 -0.07 0.18 0.12 0.97
0.95 0.24 -0.2 -0.26 0.96 -0.07 0.17 0.12 0.97
0.95 0.24 -0.2 -0.26 0.96 -0.07 0.17 0.12 0.97
0.95 0.24 -0.2 -0.26 0.96 -0.08 0.17 0.12 0.97
0.95 0.24 -0.2 -0.26 0.96 -0.08 0.17 0.12 0.97
0.95 0.24 -0.2 -0.26 0.96 -0.08 0.17 0.12 0.97
0.95 0.24 -0.2 -0.26 0.96 -0.08 0.17 0.12 0.97
0.95 0.24 -0.2 -0.26 0.96 -0.08 0.17 0.12 0.97
0.95 0.24 -0.2 -0.26 0.96 -0.08 0.17 0.12 0.97
0.95 0.24 -0.2 -0.26 0.96 -0.08 0.17 0.12 0.97
0.95 0.24 -0.2 -0.26 0.96 -0.08 0.17 0.12 0.97
0.95 0.24 -0.2 -0.26 0.96 -0.08 0.17 0.13 0.97
0.95 0.24 -0.2 -0.26 0.96 -0.08 0.17 0.13 0.97
0.95 0.24 -0.2 -0.26 0.96 -0.08 0.17 0.13 0.97
0.95 0.24 -0.2 -0.26 0.96 -0.08 0.17 0.13 0.97
0.95 0.24 -0.2 -0.26 0.96 -0.08 0.17 0.13 0.97
0.95 0.24 -0.2 -0.26 0.96 -0.08 0.17 0.13 0.97
0.95 0.24 -0.2 -0.26 0.96 -0.08 0.17 0.13 0.97
0.95 0.24 -0.2 -0.26 0.96 -0.08 0.17 0.13 0.97
0.95 0.24 -0.2 -0.26 0.96 -0.08 0.17 0.13 0.97
0.95 0.24 -0.2 -0.26 0.96 -0.08 0.17 0.13 0.97
0.95 0.24 -0.2 -0.26 0.96 -0.08 0.17 0.13 0.97
0.95 0.24 -0.2 -0.26 0.96 -0.08 0.17 0.13 0.97
0.95 0.24 -0.2 -0.26 0.96 -0.08 0.17 0.13 0.97
0.95 0.24 -0.2 -0.26 0.96 -0.08 0.17 0.13 0.97
0.95 0.24 -0.2 -0.26 0.96 -0.08 0.17 0.13 0.97
0.95 0.24 -0.2 -0.26 0.96 -0.08 0.17 0.13 0.97
0.95 0.24 -0.2 -0.26 0.96 -0.08 0.17 0.13 0.97
0.95 0.24 -0.2 -0.26 0.96 -0.08 0.17 0.13 0.97
0.95 0.24 -0.2 -0.26 0.96 -0.08 0.17 0.13 0.97
0.95 0.24 -0.2 -0.26 0.96 -0.08 0.17 0.13 0.97
0.95 0.24 -0.2 -0.26 0.96 -0.08 0.17 0.13 0.97
0.95 0.24 -0.2 -0.26 0.96 -0.09 0.17 0.13 0.97
0.95 0.24 -0.2 -0.26 0.96 -0.09 0.17 0.13 0.97
0.95 0.24 -0.19 -0.26 0.96 -0.09 0.17 0.13 0.97
0.95 0.24 -0.19 -0.26 0.96 -0.09 0.17 0.13 0.97
0.95 0.24 -0.19 -0.26 0.96 -0.08 0.17 0.13 0.97
0.95 0.24 -0.19 -0.26 0.96 -0.09 0.17 0.13 0.97
0.95 0.24 -0.19 -0.26 0.96 -0.09 0.17 0.13 0.97
0.95 0.24 -0.19 -0.26 0.96 -0.09 0.17 0.13 0.97
0.95 0.24 -0.19 -0.26 0.96 -0.09 0.17 0.13 0.97
0.95 0.24 -0.19 -0.26 0.96 -0.09 0.17 0.13 0.97
0.95 0.24 -0.19 -0.26 0.96 -0.09 0.17 0.13 0.97
0.95 0.24 -0.19 -0.26 0.96 -0.09 0.17 0.13 0.97
0.95 0.24 -0.19 -0.26 0.96 -0.09 0.17 0.14 0.97
0.95 0.24 -0.19 -0.26 0.96 -0.09 0.17 0.14 0.97
0.95 0.24 -0.19 -0.26 0.96 -0.09 0.17 0.13 0.97
0.95 0.24 -0.19 -0.26 0.96 -0.09 0.17 0.14 0.97
0.95 0.24 -0.19 -0.26 0.96 -0.09 0.17 0.14 0.97
0.95 0.24 -0.19 -0.26 0.96 -0.09 0.16 0.14 0.97
0.95 0.24 -0.19 -0.26 0.96 -0.09 0.16 0.14 0.97
0.95 0.24 -0.19 -0.26 0.96 -0.09 0.16 0.14 0.97
0.95 0.24 -0.19 -0.26 0.96 -0.09 0.16 0.14 0.97
0.95 0.24 -0.19 -0.26 0.96 -0.09 0.16 0.14 0.97
0.95 0.24 -0.19 -0.26 0.96 -0.09 0.16 0.14 0.97
0.95 0.24 -0.19 -0.26 0.96 -0.09 0.16 0.14 0.97
0.95 0.24 -0.19 -0.26 0.96 -0.09 0.16 0.14 0.97
0.95 0.24 -0.19 -0.26 0.96 -0.09 0.16 0.14 0.97
0.95 0.24 -0.19 -0.26 0.96 -0.09 0.16 0.14 0.97
0.95 0.24 -0.19 -0.26 0.96 -0.09 0.16 0.14 0.97
0.95 0.24 -0.19 -0.26 0.96 -0.09 0.16 0.14 0.97
0.95 0.24 -0.19 -0.26 0.96 -0.09 0.16 0.14 0.97
0.95 0.24 -0.19 -0.26 0.96 -0.09 0.16 0.14 0.97
0.95 0.24 -0.19 -0.26 0.96 -0.09 0.16 0.14 0.97
0.95 0.24 -0.19 -0.26 0.96 -0.09 0.16 0.14 0.97
0.95 0.24 -0.19 -0.26 0.96 -0.09 0.16 0.14 0.97
0.95 0.24 -0.19 -0.26 0.96 -0.09 0.16 0.14 0.97
0.95 0.24 -0.19 -0.26 0.96 -0.09 0.16 0.14 0.97
0.95 0.24 -0.19 -0.26 0.96 -0.09 0.16 0.14 0.97
0.95 0.24 -0.19 -0.26 0.96 -0.09 0.16 0.14 0.97
0.95 0.24 -0.19 -0.26 0.96 -0.09 0.16 0.14 0.97
0.95 0.24 -0.19 -0.26 0.96 -0.09 0.16 0.14 0.97
0.95 0.24 -0.19 -0.26 0.96 -0.09 0.16 0.14 0.97
0.95 0.24 -0.19 -0.26 0.96 -0.1 0.16 0.14 0.97
0.95 0.24 -0.19 -0.26 0.96 -0.1 0.16 0.14 0.97
0.95 0.24 -0.19 -0.26 0.96 -0.09 0.16 0.14 0.97
0.95 0.24 -0.19 -0.26 0.96 -0.09 0.16 0.14 0.97
0.95 0.24 -0.19 -0.26 0.96 -0.09 0.16 0.14 0.97
0.95 0.24 -0.19 -0.26 0.96 -0.1 0.16 0.14 0.97
0.95 0.24 -0.19 -0.26 0.96 -0.09 0.16 0.14 0.97
0.95 0.24 -0.19 -0.26 0.96 -0.09 0.16 0.14 0.97
0.95 0.24 -0.19 -0.26 0.96 -0.09 0.16 0.14 0.97
0.95 0.24 -0.19 -0.26 0.96 -0.1 0.16 0.14 0.97
0.95 0.24 -0.19 -0.26 0.96 -0.1 0.16 0.14 0.97
0.95 0.24 -0.19 -0.26 0.96 -0.1 0.16 0.14 0.97
0.95 0.24 -0.19 -0.26 0.96 -0.1 0.16 0.14 0.97
0.95 0.24 -0.19 -0.26 0.96 -0.1 0.16 0.14 0.97
0.95 0.24 -0.19 -0.26 0.96 -0.1 0.16 0.14 0.97
0.95 0.24 -0.19 -0.26 0.96 -0.1 0.16 0.14 0.97
0.95 0.24 -0.19 -0.26 0.96 -0.1 0.16 0.14 0.97
0.95 0.24 -0.19 -0.26 0.96 -0.1 0.16 0.14 0.97
0.95 0.24 -0.19 -0.26 0.96 -0.1 0.16 0.14 0.97
0.95 0.24 -0.19 -0.26 0.96 -0.1 0.16 0.14 0.97
0.95 0.24 -0.19 -0.26 0.96 -0.1 0.16 0.14 0.97
0.95 0.24 -0.19 -0.26 0.96 -0.1 0.16 0.14 0.97
0.95 0.24 -0.19 -0.26 0.96 -0.1 0.16 0.14 0.97
0.95 0.24 -0.19 -0.26 0.96 -0.1 0.16 0.14 0.97
0.95 0.24 -0.19 -0.26 0.96 -0.1 0.16 0.14 0.97
0.95 0.24 -0.19 -0.26 0.96 -0.1 0.16 0.14 0.97
0.95 0.24 -0.19 -0.26 0.96 -0.1 0.16 0.14 0.97
0.95 0.24 -0.19 -0.26 0.96 -0.1 0.16 0.14 0.97
0.95 0.24 -0.19 -0.26 0.96 -0.1 0.16 0.14 0.97
0.95 0.24 -0.19 -0.26 0.96 -0.1 0.16 0.14 0.97
0.95 0.24 -0.19 -0.26 0.96 -0.1 0.16 0.14 0.97
0.95 0.24 -0.19 -0.26 0.96 -0.1 0.16 0.14 0.97
0.95 0.24 -0.19 -0.26 0.96 -0.1 0.16 0.14 0.97
0.95 0.24 -0.19 -0.26 0.96 -0.1 0.16 0.14 0.97
0.95 0.24 -0.19 -0.26 0.96 -0.1 0.16 0.14 0.97
0.95 0.24 -0.19 -0.26 0.96 -0.1 0.16 0.14 0.97
0.95 0.24 -0.19 -0.26 0.96 -0.1 0.16 0.15 0.97
0.95 0.24 -0.19 -0.26 0.96 -0.1 0.16 0.15 0.97
0.95 0.24 -0.19 -0.26 0.96 -0.1 0.16 0.15 0.97
0.95 0.24 -0.19 -0.26 0.96 -0.1 0.16 0.15 0.97
0.95 0.24 -0.19 -0.26 0.96 -0.1 0.16 0.15 0.97
0.95 0.24 -0.19 -0.26 0.96 -0.1 0.16 0.15 0.97
0.95 0.24 -0.19 -0.26 0.96 -0.1 0.16 0.15 0.97
0.95 0.24 -0.19 -0.26 0.96 -0.1 0.16 0.15 0.97
0.95 0.24 -0.19 -0.26 0.96 -0.1 0.16 0.15 0.97
0.95 0.24 -0.19 -0.26 0.96 -0.1 0.16 0.15 0.97
0.95 0.24 -0.19 -0.26 0.96 -0.1 0.16 0.15 0.97
0.95 0.24 -0.19 -0.26 0.96 -0.1 0.16 0.15 0.97
0.95 0.24 -0.19 -0.26 0.96 -0.1 0.16 0.15 0.97
0.95 0.24 -0.19 -0.26 0.96 -0.1 0.16 0.15 0.97
0.95 0.24 -0.19 -0.26 0.96 -0.1 0.16 0.15 0.97
0.95 0.24 -0.19 -0.26 0.96 -0.1 0.16 0.15 0.97
0.95 0.24 -0.19 -0.26 0.96 -0.1 0.16 0.15 0.97
0.95 0.24 -0.19 -0.26 0.96 -0.1 0.16 0.15 0.97
0.95 0.24 -0.19 -0.26 0.96 -0.1 0.16 0.15 0.97
0.95 0.24 -0.19 -0.26 0.96 -0.1 0.16 0.15 0.97
0.95 0.24 -0.19 -0.26 0.96 -0.1 0.16 0.15 0.97
0.95 0.24 -0.19 -0.26 0.96 -0.1 0.16 0.15 0.97
0.95 0.24 -0.19 -0.26 0.96 -0.1 0.16 0.15 0.97
0.95 0.24 -0.19 -0.26 0.96 -0.1 0.16 0.15 0.97
0.95 0.24 -0.19 -0.26 0.96 -0.1 0.16 0.15 0.97
0.95 0.24 -0.19 -0.26 0.96 -0.1 0.16 0.15 0.97
0.95 0.24 -0.19 -0.26 0.96 -0.1 0.16 0.15 0.97
0.95 0.24 -0.19 -0.26 0.96 -0.1 0.16 0.15 0.97
0.95 0.24 -0.19 -0.26 0.96 -0.1 0.16 0.15 0.97
0.95 0.24 -0.19 -0.26 0.96 -0.1 0.16 0.15 0.97
0.95 0.24 -0.19 -0.26 0.96 -0.1 0.16 0.15 0.97
0.95 0.24 -0.19 -0.26 0.96 -0.1 0.16 0.15 0.97
0.95 0.24 -0.19 -0.26 0.96 -0.1 0.16 0.15 0.97
0.95 0.24 -0.19 -0.26 0.96 -0.1 0.16 0.15 0.97
0.95 0.24 -0.19 -0.26 0.96 -0.1 0.16 0.15 0.97
0.95 0.24 -0.19 -0.26 0.96 -0.1 0.16 0.15 0.97
0.95 0.24 -0.19 -0.26 0.96 -0.1 0.15 0.15 0.97
0.95 0.24 -0.19 -0.26 0.96 -0.1 0.15 0.15 0.97
0.95 0.24 -0.19 -0.26 0.96 -0.1 0.15 0.15 0.97
0.95 0.24 -0.19 -0.26 0.96 -0.1 0.15 0.15 0.97
0.95 0.24 -0.19 -0.26 0.96 -0.1 0.16 0.15 0.97
0.95 0.24 -0.19 -0.26 0.96 -0.1 0.16 0.15 0.97
0.95 0.24 -0.19 -0.26 0.96 -0.1 0.16 0.15 0.97
0.95 0.24 -0.19 -0.26 0.96 -0.1 0.15 0.15 0.97
0.95 0.24 -0.19 -0.26 0.96 -0.1 0.16 0.15 0.97
0.95 0.24 -0.19 -0.26 0.96 -0.1 0.16 0.15 0.97
0.95 0.24 -0.19 -0.26 0.96 -0.1 0.16 0.15 0.97
0.95 0.24 -0.19 -0.26 0.96 -0.1 0.16 0.15 0.97
0.95 0.24 -0.19 -0.26 0.96 -0.1 0.16 0.15 0.97
0.95 0.24 -0.19 -0.26 0.96 -0.1 0.16 0.15 0.97
0.95 0.24 -0.19 -0.26 0.96 -0.1 0.16 0.15 0.97
0.95 0.24 -0.19 -0.26 0.96 -0.1 0.16 0.15 0.97
0.95 0.24 -0.19 -0.26 0.96 -0.1 0.16 0.15 0.97
0.95 0.24 -0.19 -0.26 0.96 -0.1 0.15 0.15 0.97
0.95 0.24 -0.19 -0.26 0.96 -0.1 0.15 0.15 0.97
0.95 0.24 -0.19 -0.26 0.96 -0.1 0.16 0.15 0.97
0.95 0.24 -0.19 -0.26 0.96 -0.1 0.16 0.15 0.97
0.95 0.24 -0.19 -0.26 0.96 -0.1 0.16 0.15 0.97
0.95 0.24 -0.19 -0.26 0.96 -0.1 0.16 0.15 0.97
0.95 0.24 -0.19 -0.26 0.96 -0.1 0.16 0.15 0.97
0.95 0.24 -0.19 -0.26 0.96 -0.1 0.16 0.15 0.97
0.95 0.24 -0.19 -0.26 0.96 -0.11 0.15 0.15 0.97
0.95 0.24 -0.19 -0.26 0.96 -0.11 0.15 0.15 0.97
0.95 0.24 -0.19 -0.26 0.96 -0.1 0.16 0.15 0.97
0.95 0.24 -0.19 -0.26 0.96 -0.1 0.16 0.15 0.97
0.95 0.24 -0.19 -0.26 0.96 -0.1 0.15 0.15 0.97
0.95 0.24 -0.19 -0.26 0.96 -0.11 0.15 0.15 0.97
0.95 0.24 -0.19 -0.26 0.96 -0.11 0.15 0.15 0.97
0.95 0.24 -0.19 -0.26 0.96 -0.11 0.15 0.15 0.97
0.95 0.24 -0.19 -0.26 0.96 -0.11 0.15 0.15 0.97
0.95 0.24 -0.19 -0.26 0.96 -0.11 0.15 0.15 0.97
0.95 0.24 -0.19 -0.26 0.96 -0.11 0.15 0.15 0.97
0.95 0.24 -0.19 -0.26 0.96 -0.11 0.15 0.15 0.97
0.95 0.24 -0.19 -0.26 0.96 -0.11 0.15 0.15 0.97
0.95 0.24 -0.19 -0.26 0.96 -0.11 0.15 0.15 0.97
0.95 0.24 -0.19 -0.26 0.96 -0.11 0.15 0.15 0.97
0.95 0.24 -0.19 -0.26 0.96 -0.11 0.15 0.15 0.97
0.95 0.24 -0.19 -0.26 0.96 -0.11 0.15 0.15 0.97
0.95 0.24 -0.19 -0.26 0.96 -0.11 0.15 0.15 0.97
0.95 0.24 -0.19 -0.26 0.96 -0.11 0.15 0.15 0.97
0.95 0.24 -0.19 -0.26 0.96 -0.11 0.15 0.15 0.97
0.95 0.24 -0.19 -0.26 0.96 -0.11 0.15 0.15 0.97
0.95 0.24 -0.19 -0.26 0.96 -0.11 0.15 0.15 0.97
0.95 0.24 -0.19 -0.26 0.96 -0.11 0.15 0.15 0.97
0.95 0.24 -0.19 -0.26 0.96 -0.11 0.15 0.15 0.97
0.95 0.24 -0.19 -0.26 0.96 -0.11 0.15 0.15 0.97
0.95 0.24 -0.19 -0.26 0.96 -0.11 0.15 0.15 0.97
0.95 0.24 -0.19 -0.26 0.96 -0.11 0.15 0.15 0.97
0.95 0.24 -0.19 -0.26 0.96 -0.11 0.15 0.15 0.97
0.95 0.24 -0.19 -0.26 0.96 -0.11 0.15 0.15 0.97
0.95 0.24 -0.19 -0.26 0.96 -0.11 0.15 0.15 0.97
0.95 0.24 -0.19 -0.26 0.96 -0.11 0.15 0.15 0.97
0.95 0.24 -0.19 -0.26 0.96 -0.11 0.15 0.15 0.97
0.95 0.24 -0.19 -0.26 0.96 -0.11 0.15 0.15 0.97
0.95 0.24 -0.19 -0.26 0.96 -0.11 0.15 0.15 0.97
0.95 0.24 -0.19 -0.26 0.96 -0.11 0.15 0.15 0.97
0.95 0.24 -0.19 -0.26 0.96 -0.11 0.15 0.15 0.97
0.95 0.24 -0.19 -0.26 0.96 -0.11 0.15 0.15 0.97
0.95 0.24 -0.19 -0.26 0.96 -0.11 0.15 0.15 0.97
0.95 0.24 -0.19 -0.26 0.96 -0.11 0.15 0.15 0.97
0.95 0.24 -0.19 -0.26 0.96 -0.11 0.15 0.15 0.97
0.95 0.24 -0.19 -0.26 0.96 -0.11 0.15 0.15 0.97
0.95 0.24 -0.19 -0.26 0.96 -0.11 0.15 0.15 0.97
0.95 0.24 -0.19 -0.26 0.96 -0.11 0.15 0.15 0.97
0.95 0.24 -0.19 -0.26 0.96 -0.11 0.15 0.15 0.97
0.95 0.24 -0.19 -0.26 0.96 -0.11 0.15 0.15 0.97
0.95 0.24 -0.19 -0.26 0.96 -0.11 0.15 0.15 0.97
0.95 0.24 -0.19 -0.26 0.96 -0.11 0.15 0.15 0.97
0.95 0.24 -0.19 -0.26 0.96 -0.11 0.15 0.15 0.97
0.95 0.24 -0.19 -0.26 0.96 -0.11 0.15 0.15 0.97
0.95 0.24 -0.19 -0.26 0.96 -0.11 0.15 0.15 0.97
0.95 0.24 -0.19 -0.26 0.96 -0.11 0.15 0.15 0.97
0.95 0.24 -0.19 -0.26 0.96 -0.11 0.15 0.15 0.97
0.95 0.24 -0.19 -0.26 0.96 -0.11 0.15 0.15 0.97
0.95 0.24 -0.19 -0.26 0.96 -0.11 0.15 0.15 0.97
0.95 0.24 -0.19 -0.26 0.96 -0.11 0.15 0.15 0.97
0.95 0.24 -0.19 -0.26 0.96 -0.11 0.15 0.15 0.97
0.95 0.24 -0.19 -0.26 0.96 -0.11 0.15 0.15 0.97
0.95 0.24 -0.19 -0.26 0.96 -0.11 0.15 0.15 0.97
0.95 0.24 -0.19 -0.26 0.96 -0.11 0.15 0.15 0.97
0.95 0.24 -0.19 -0.26 0.96 -0.11 0.15 0.15 0.97
0.95 0.24 -0.19 -0.26 0.96 -0.11 0.15 0.15 0.97
0.95 0.24 -0.19 -0.26 0.96 -0.11 0.15 0.15 0.97
0.95 0.24 -0.19 -0.26 0.96 -0.11 0.15 0.15 0.97
0.95 0.24 -0.19 -0.26 0.96 -0.11 0.15 0.15 0.97
0.95 0.24 -0.19 -0.26 0.96 -0.11 0.15 0.15 0.97
0.95 0.24 -0.19 -0.26 0.96 -0.11 0.15 0.15 0.97
0.95 0.24 -0.19 -0.26 0.96 -0.11 0.15 0.15 0.97
0.95 0.24 -0.19 -0.26 0.96 -0.11 0.15 0.15 0.97
0.95 0.24 -0.19 -0.26 0.96 -0.11 0.15 0.15 0.97
0.95 0.24 -0.19 -0.26 0.96 -0.11 0.15 0.15 0.97
0.95 0.24 -0.19 -0.26 0.96 -0.11 0.15 0.15 0.97
0.95 0.24 -0.19 -0.26 0.96 -0.11 0.15 0.15 0.97
0.95 0.24 -0.19 -0.26 0.96 -0.11 0.15 0.15 0.97
0.95 0.24 -0.19 -0.26 0.96 -0.11 0.15 0.15 0.97
0.95 0.24 -0.19 -0.26 0.96 -0.11 0.15 0.15 0.97
0.95 0.24 -0.19 -0.26 0.96 -0.11 0.15 0.15 0.97
0.95 0.24 -0.19 -0.26 0.96 -0.11 0.15 0.15 0.97
0.95 0.24 -0.19 -0.26 0.96 -0.11 0.15 0.15 0.97
0.95 0.24 -0.19 -0.26 0.96 -0.11 0.15 0.15 0.97
0.95 0.24 -0.19 -0.26 0.96 -0.11 0.15 0.15 0.97
0.95 0.24 -0.19 -0.26 0.96 -0.11 0.15 0.15 0.97
0.95 0.24 -0.19 -0.26 0.96 -0.11 0.15 0.15 0.97
0.95 0.24 -0.19 -0.26 0.96 -0.11 0.15 0.15 0.97
0.95 0.24 -0.19 -0.26 0.96 -0.11 0.15 0.15 0.97
0.95 0.24 -0.19 -0.26 0.96 -0.11 0.15 0.15 0.97
0.95 0.24 -0.19 -0.26 0.96 -0.11 0.15 0.15 0.97
0.95 0.24 -0.19 -0.26 0.96 -0.11 0.15 0.15 0.97
0.95 0.24 -0.19 -0.26 0.96 -0.11 0.15 0.15 0.97
0.95 0.24 -0.19 -0.26 0.96 -0.11 0.15 0.15 0.97
0.95 0.24 -0.19 -0.26 0.96 -0.11 0.15 0.15 0.97
0.95 0.24 -0.19 -0.26 0.96 -0.11 0.15 0.15 0.97
0.95 0.24 -0.19 -0.26 0.96 -0.11 0.15 0.15 0.97
0.95 0.24 -0.19 -0.26 0.96 -0.11 0.15 0.15 0.97
0.95 0.24 -0.19 -0.26 0.96 -0.11 0.15 0.15 0.97
0.95 0.24 -0.19 -0.26 0.96 -0.11 0.15 0.15 0.97
0.95 0.24 -0.19 -0.26 0.96 -0.11 0.15 0.15 0.97
0.95 0.24 -0.19 -0.26 0.96 -0.11 0.15 0.15 0.97
0.95 0.24 -0.19 -0.26 0.96 -0.11 0.15 0.15 0.97
0.95 0.24 -0.19 -0.26 0.96 -0.11 0.15 0.15 0.97
0.95 0.24 -0.19 -0.26 0.96 -0.11 0.15 0.15 0.97
0.95 0.24 -0.19 -0.26 0.96 -0.11 0.15 0.15 0.97
0.95 0.24 -0.19 -0.26 0.96 -0.11 0.15 0.15 0.97
0.95 0.24 -0.19 -0.26 0.96 -0.11 0.15 0.15 0.97
0.95 0.24 -0.19 -0.26 0.96 -0.11 0.15 0.15 0.97
0.95 0.24 -0.19 -0.26 0.96 -0.11 0.15 0.15 0.97
0.95 0.24 -0.19 -0.26 0.96 -0.11 0.15 0.15 0.97
0.95 0.24 -0.19 -0.26 0.96 -0.11 0.15 0.15 0.97
0.95 0.24 -0.19 -0.26 0.96 -0.11 0.15 0.15 0.97
0.95 0.24 -0.19 -0.26 0.96 -0.11 0.15 0.15 0.97
0.95 0.24 -0.19 -0.26 0.96 -0.11 0.15 0.15 0.97
0.95 0.24 -0.19 -0.26 0.96 -0.11 0.15 0.15 0.97
0.95 0.24 -0.19 -0.26 0.96 -0.11 0.15 0.15 0.97
0.95 0.24 -0.19 -0.26 0.96 -0.11 0.15 0.15 0.97
0.95 0.24 -0.19 -0.26 0.96 -0.11 0.15 0.15 0.97
0.95 0.24 -0.19 -0.26 0.96 -0.11 0.15 0.15 0.97
0.95 0.24 -0.19 -0.26 0.96 -0.11 0.15 0.15 0.97
0.95 0.24 -0.19 -0.26 0.96 -0.11 0.15 0.15 0.97
0.95 0.24 -0.19 -0.26 0.96 -0.11 0.15 0.15 0.97
0.95 0.24 -0.19 -0.26 0.96 -0.11 0.15 0.15 0.97
0.95 0.24 -0.19 -0.26 0.96 -0.11 0.15 0.15 0.97
0.95 0.24 -0.19 -0.26 0.96 -0.11 0.15 0.15 0.97
0.95 0.24 -0.19 -0.26 0.96 -0.11 0.15 0.15 0.97
0.95 0.24 -0.19 -0.26 0.96 -0.11 0.15 0.15 0.97
0.95 0.24 -0.19 -0.26 0.96 -0.11 0.15 0.15 0.97
0.95 0.24 -0.19 -0.26 0.96 -0.11 0.15 0.15 0.97
0.95 0.24 -0.19 -0.26 0.96 -0.11 0.15 0.15 0.97
0.95 0.24 -0.19 -0.26 0.96 -0.11 0.15 0.15 0.97
0.95 0.24 -0.19 -0.26 0.96 -0.11 0.15 0.15 0.97
0.95 0.24 -0.19 -0.26 0.96 -0.11 0.15 0.15 0.97
0.95 0.24 -0.19 -0.26 0.96 -0.11 0.15 0.15 0.97
0.95 0.24 -0.19 -0.26 0.96 -0.11 0.15 0.15 0.97
0.95 0.24 -0.19 -0.26 0.96 -0.11 0.15 0.15 0.97
0.95 0.24 -0.19 -0.26 0.96 -0.11 0.15 0.15 0.97
0.95 0.24 -0.19 -0.26 0.96 -0.11 0.15 0.15 0.97
0.95 0.23 -0.19 -0.26 0.96 -0.11 0.15 0.15 0.97
0.95 0.23 -0.19 -0.26 0.96 -0.11 0.15 0.15 0.97
0.95 0.23 -0.19 -0.26 0.96 -0.11 0.15 0.15 0.97
0.95 0.23 -0.19 -0.26 0.96 -0.11 0.15 0.15 0.97
0.95 0.24 -0.19 -0.26 0.96 -0.11 0.15 0.15 0.97
0.95 0.24 -0.19 -0.26 0.96 -0.11 0.15 0.15 0.97
0.95 0.24 -0.19 -0.26 0.96 -0.11 0.15 0.15 0.97
0.95 0.24 -0.19 -0.26 0.96 -0.11 0.15 0.15 0.97
0.95 0.24 -0.19 -0.26 0.96 -0.11 0.15 0.15 0.97
0.95 0.24 -0.19 -0.26 0.96 -0.11 0.15 0.15 0.97
0.95 0.24 -0.19 -0.26 0.96 -0.11 0.15 0.15 0.97
0.95 0.24 -0.19 -0.26 0.96 -0.11 0.15 0.15 0.97
0.95 0.24 -0.19 -0.26 0.96 -0.11 0.15 0.15 0.97
0.95 0.24 -0.19 -0.26 0.96 -0.11 0.15 0.15 0.97
0.95 0.24 -0.19 -0.26 0.96 -0.11 0.15 0.15 0.97
0.95 0.24 -0.19 -0.26 0.96 -0.11 0.15 0.15 0.97
0.95 0.24 -0.19 -0.26 0.96 -0.11 0.15 0.15 0.97
0.95 0.24 -0.19 -0.26 0.96 -0.11 0.15 0.15 0.97
0.95 0.24 -0.19 -0.26 0.96 -0.11 0.15 0.15 0.97
0.95 0.24 -0.19 -0.26 0.96 -0.11 0.15 0.15 0.97
0.95 0.24 -0.19 -0.26 0.96 -0.11 0.15 0.15 0.97
0.95 0.24 -0.19 -0.26 0.96 -0.11 0.15 0.15 0.97
0.95 0.24 -0.19 -0.26 0.96 -0.11 0.15 0.15 0.97
0.95 0.24 -0.19 -0.26 0.96 -0.11 0.15 0.15 0.97
0.95 0.24 -0.19 -0.26 0.96 -0.11 0.15 0.15 0.97
0.95 0.24 -0.19 -0.26 0.96 -0.11 0.15 0.15 0.97
0.95 0.24 -0.19 -0.26 0.96 -0.11 0.15 0.15 0.97
0.95 0.24 -0.19 -0.26 0.96 -0.11 0.15 0.15 0.97
0.95 0.24 -0.19 -0.26 0.96 -0.11 0.15 0.15 0.97
0.95 0.24 -0.19 -0.26 0.96 -0.11 0.15 0.15 0.97
0.95 0.24 -0.19 -0.26 0.96 -0.11 0.15 0.15 0.97
0.95 0.24 -0.19 -0.26 0.96 -0.11 0.15 0.15 0.97
0.95 0.24 -0.19 -0.26 0.96 -0.11 0.15 0.15 0.97
0.95 0.24 -0.19 -0.26 0.96 -0.11 0.15 0.15 0.97
0.95 0.24 -0.19 -0.26 0.96 -0.11 0.15 0.15 0.97
0.95 0.24 -0.19 -0.26 0.96 -0.11 0.15 0.15 0.97
0.95 0.24 -0.19 -0.26 0.96 -0.11 0.15 0.15 0.97
0.95 0.24 -0.19 -0.26 0.96 -0.11 0.15 0.15 0.97
0.95 0.24 -0.19 -0.26 0.96 -0.11 0.15 0.15 0.97
0.95 0.24 -0.19 -0.26 0.96 -0.11 0.15 0.15 0.97
0.95 0.24 -0.19 -0.26 0.96 -0.11 0.15 0.15 0.97
0.95 0.24 -0.19 -0.26 0.96 -0.11 0.15 0.15 0.97
0.95 0.24 -0.19 -0.26 0.96 -0.11 0.15 0.15 0.97
0.95 0.24 -0.19 -0.26 0.96 -0.11 0.15 0.15 0.97
0.95 0.23 -0.19 -0.26 0.96 -0.11 0.15 0.15 0.97
0.95 0.23 -0.19 -0.26 0.96 -0.11 0.15 0.15 0.97
0.95 0.24 -0.19 -0.26 0.96 -0.11 0.15 0.15 0.97
0.95 0.24 -0.19 -0.26 0.96 -0.11 0.15 0.15 0.97
0.95 0.24 -0.19 -0.26 0.96 -0.11 0.15 0.15 0.97
0.95 0.23 -0.19 -0.26 0.96 -0.11 0.15 0.15 0.97
0.95 0.23 -0.19 -0.26 0.96 -0.11 0.15 0.15 0.97
0.95 0.23 -0.19 -0.26 0.96 -0.11 0.15 0.15 0.97
0.95 0.23 -0.19 -0.26 0.96 -0.11 0.15 0.15 0.97
0.95 0.23 -0.19 -0.26 0.96 -0.11 0.15 0.16 0.97
0.95 0.23 -0.19 -0.26 0.96 -0.11 0.15 0.16 0.97
0.95 0.23 -0.19 -0.26 0.96 -0.11 0.15 0.16 0.97
0.95 0.24 -0.19 -0.26 0.96 -0.11 0.15 0.16 0.97
0.95 0.23 -0.19 -0.26 0.96 -0.11 0.15 0.15 0.97
0.95 0.23 -0.19 -0.26 0.96 -0.11 0.15 0.15 0.97
0.95 0.23 -0.19 -0.26 0.96 -0.11 0.15 0.15 0.97
0.95 0.23 -0.19 -0.26 0.96 -0.11 0.15 0.15 0.97
0.95 0.23 -0.19 -0.26 0.96 -0.11 0.15 0.15 0.97
0.95 0.23 -0.19 -0.26 0.96 -0.11 0.15 0.15 0.97
0.95 0.23 -0.19 -0.26 0.96 -0.11 0.15 0.15 0.97
0.95 0.23 -0.19 -0.26 0.96 -0.11 0.15 0.15 0.97
0.95 0.23 -0.19 -0.26 0.96 -0.11 0.15 0.15 0.97
0.95 0.23 -0.19 -0.26 0.96 -0.11 0.15 0.15 0.97
0.95 0.23 -0.19 -0.26 0.96 -0.11 0.15 0.15 0.97
0.95 0.23 -0.19 -0.26 0.96 -0.11 0.15 0.15 0.97
0.95 0.23 -0.19 -0.26 0.96 -0.11 0.15 0.15 0.97
0.95 0.23 -0.19 -0.26 0.96 -0.11 0.15 0.15 0.97
0.95 0.23 -0.19 -0.26 0.96 -0.11 0.15 0.15 0.97
0.95 0.23 -0.19 -0.26 0.96 -0.11 0.15 0.15 0.97
0.95 0.23 -0.19 -0.26 0.96 -0.11 0.15 0.15 0.97
0.95 0.23 -0.19 -0.26 0.96 -0.11 0.15 0.15 0.97
0.95 0.23 -0.19 -0.26 0.96 -0.11 0.15 0.15 0.97
0.95 0.23 -0.19 -0.26 0.96 -0.11 0.15 0.15 0.97
0.95 0.23 -0.19 -0.26 0.96 -0.11 0.15 0.15 0.97
0.95 0.23 -0.19 -0.26 0.96 -0.11 0.15 0.15 0.97
0.95 0.23 -0.19 -0.26 0.96 -0.11 0.15 0.15 0.97
0.95 0.23 -0.19 -0.26 0.96 -0.11 0.15 0.15 0.97
0.95 0.23 -0.19 -0.26 0.96 -0.11 0.15 0.15 0.97
0.95 0.23 -0.19 -0.26 0.96 -0.11 0.15 0.15 0.97
0.95 0.23 -0.19 -0.26 0.96 -0.11 0.15 0.15 0.97
0.95 0.23 -0.19 -0.26 0.96 -0.11 0.15 0.15 0.97
0.95 0.23 -0.19 -0.26 0.96 -0.11 0.15 0.15 0.97
0.95 0.23 -0.19 -0.26 0.96 -0.11 0.15 0.15 0.97
0.95 0.23 -0.19 -0.26 0.96 -0.11 0.15 0.15 0.97
0.95 0.23 -0.19 -0.26 0.96 -0.11 0.15 0.15 0.97
0.95 0.23 -0.19 -0.26 0.96 -0.11 0.15 0.15 0.97
0.95 0.23 -0.19 -0.26 0.96 -0.11 0.15 0.15 0.97
0.95 0.23 -0.19 -0.26 0.96 -0.11 0.15 0.15 0.97
0.95 0.23 -0.19 -0.26 0.96 -0.11 0.15 0.15 0.97
0.95 0.23 -0.19 -0.26 0.96 -0.11 0.15 0.15 0.97
0.95 0.23 -0.19 -0.26 0.96 -0.11 0.15 0.15 0.97
0.95 0.23 -0.19 -0.26 0.96 -0.11 0.15 0.15 0.97
0.95 0.23 -0.19 -0.26 0.96 -0.11 0.15 0.15 0.97
0.95 0.23 -0.19 -0.26 0.96 -0.11 0.15 0.15 0.97
0.95 0.23 -0.19 -0.26 0.96 -0.11 0.15 0.15 0.97
0.95 0.23 -0.19 -0.26 0.96 -0.11 0.15 0.15 0.97
0.95 0.23 -0.19 -0.26 0.96 -0.11 0.15 0.15 0.97
0.95 0.23 -0.19 -0.26 0.96 -0.11 0.15 0.15 0.97
0.95 0.23 -0.19 -0.26 0.96 -0.11 0.15 0.15 0.97
0.95 0.23 -0.19 -0.26 0.96 -0.11 0.15 0.16 0.97
0.95 0.23 -0.19 -0.26 0.96 -0.11 0.15 0.16 0.97
0.95 0.23 -0.19 -0.26 0.96 -0.11 0.15 0.15 0.97
0.95 0.23 -0.19 -0.26 0.96 -0.11 0.15 0.16 0.97
0.95 0.23 -0.19 -0.26 0.96 -0.11 0.15 0.16 0.97
0.95 0.23 -0.19 -0.26 0.96 -0.11 0.15 0.15 0.97
0.95 0.23 -0.19 -0.26 0.96 -0.11 0.15 0.16 0.97
0.95 0.23 -0.19 -0.26 0.96 -0.11 0.15 0.16 0.97
0.95 0.23 -0.19 -0.26 0.96 -0.11 0.15 0.16 0.97
0.95 0.23 -0.19 -0.26 0.96 -0.11 0.15 0.15 0.97
0.95 0.23 -0.19 -0.26 0.96 -0.11 0.15 0.15 0.97
0.95 0.23 -0.19 -0.26 0.96 -0.11 0.15 0.16 0.97
0.95 0.23 -0.19 -0.26 0.96 -0.11 0.15 0.16 0.97
0.95 0.23 -0.19 -0.26 0.96 -0.11 0.15 0.16 0.97
0.95 0.23 -0.19 -0.26 0.96 -0.11 0.15 0.16 0.97
0.95 0.23 -0.19 -0.26 0.96 -0.11 0.15 0.16 0.97
0.95 0.23 -0.19 -0.26 0.96 -0.11 0.15 0.16 0.97
0.95 0.23 -0.19 -0.26 0.96 -0.11 0.15 0.16 0.97
0.95 0.23 -0.19 -0.26 0.96 -0.11 0.15 0.16 0.97
0.95 0.23 -0.19 -0.26 0.96 -0.11 0.15 0.16 0.97
0.95 0.23 -0.19 -0.26 0.96 -0.11 0.15 0.16 0.97
0.95 0.23 -0.19 -0.26 0.96 -0.11 0.15 0.16 0.97
0.95 0.23 -0.19 -0.26 0.96 -0.11 0.15 0.16 0.97
0.95 0.23 -0.19 -0.26 0.96 -0.11 0.15 0.16 0.97
0.95 0.23 -0.19 -0.26 0.96 -0.11 0.15 0.16 0.97
0.95 0.23 -0.19 -0.26 0.96 -0.11 0.15 0.16 0.97
0.95 0.23 -0.19 -0.26 0.96 -0.11 0.15 0.16 0.97
0.95 0.23 -0.19 -0.26 0.96 -0.11 0.15 0.16 0.97
0.95 0.23 -0.19 -0.26 0.96 -0.11 0.15 0.16 0.97
0.95 0.23 -0.19 -0.26 0.96 -0.11 0.15 0.16 0.97
0.95 0.23 -0.19 -0.26 0.96 -0.11 0.15 0.16 0.97
0.95 0.23 -0.19 -0.26 0.96 -0.11 0.15 0.16 0.97
0.95 0.23 -0.19 -0.26 0.96 -0.11 0.15 0.16 0.97
0.95 0.23 -0.19 -0.26 0.96 -0.11 0.15 0.16 0.97
0.95 0.23 -0.19 -0.26 0.96 -0.11 0.15 0.16 0.97
0.95 0.23 -0.19 -0.26 0.96 -0.11 0.15 0.16 0.97
0.95 0.23 -0.19 -0.26 0.96 -0.11 0.15 0.16 0.97
0.95 0.23 -0.19 -0.26 0.96 -0.11 0.15 0.16 0.97
0.95 0.23 -0.19 -0.26 0.96 -0.11 0.15 0.16 0.97
0.95 0.23 -0.19 -0.26 0.96 -0.11 0.15 0.16 0.97
0.95 0.23 -0.19 -0.26 0.96 -0.11 0.15 0.16 0.97
0.95 0.23 -0.19 -0.26 0.96 -0.11 0.15 0.16 0.97
0.95 0.23 -0.19 -0.26 0.96 -0.11 0.15 0.16 0.97
0.95 0.23 -0.19 -0.26 0.96 -0.11 0.15 0.16 0.97
0.95 0.23 -0.19 -0.26 0.96 -0.11 0.15 0.16 0.97
0.95 0.23 -0.19 -0.26 0.96 -0.11 0.15 0.16 0.97
0.95 0.23 -0.19 -0.26 0.96 -0.11 0.15 0.16 0.97
0.95 0.23 -0.19 -0.26 0.96 -0.11 0.15 0.16 0.97
0.95 0.23 -0.19 -0.26 0.96 -0.11 0.15 0.16 0.97
0.95 0.23 -0.19 -0.26 0.96 -0.11 0.15 0.16 0.97
0.95 0.23 -0.19 -0.26 0.96 -0.11 0.15 0.16 0.97
0.95 0.23 -0.19 -0.26 0.96 -0.11 0.15 0.16 0.97
0.95 0.23 -0.19 -0.26 0.96 -0.11 0.15 0.16 0.97
0.95 0.23 -0.19 -0.26 0.96 -0.11 0.15 0.16 0.97
0.95 0.23 -0.19 -0.26 0.96 -0.11 0.15 0.16 0.97
0.95 0.23 -0.19 -0.26 0.96 -0.11 0.15 0.16 0.97
0.95 0.23 -0.19 -0.26 0.96 -0.11 0.15 0.16 0.97
0.95 0.23 -0.19 -0.26 0.96 -0.11 0.15 0.16 0.97
0.95 0.23 -0.19 -0.26 0.96 -0.11 0.15 0.16 0.97
0.95 0.23 -0.19 -0.25 0.96 -0.11 0.15 0.16 0.97
0.95 0.23 -0.19 -0.26 0.96 -0.11 0.15 0.15 0.97
0.95 0.23 -0.19 -0.26 0.96 -0.11 0.15 0.15 0.97
0.95 0.23 -0.19 -0.25 0.96 -0.11 0.15 0.16 0.97
0.95 0.23 -0.19 -0.25 0.96 -0.11 0.15 0.16 0.97
0.95 0.23 -0.19 -0.25 0.96 -0.11 0.15 0.16 0.97
0.95 0.23 -0.19 -0.25 0.96 -0.11 0.15 0.16 0.97
0.95 0.23 -0.19 -0.25 0.96 -0.11 0.15 0.16 0.97
0.95 0.23 -0.19 -0.25 0.96 -0.11 0.15 0.16 0.97
0.95 0.23 -0.19 -0.25 0.96 -0.11 0.15 0.16 0.97
0.95 0.23 -0.19 -0.25 0.96 -0.11 0.15 0.15 0.97
0.95 0.23 -0.19 -0.25 0.96 -0.11 0.15 0.16 0.97
0.95 0.23 -0.19 -0.25 0.96 -0.11 0.15 0.16 0.97
0.95 0.23 -0.19 -0.25 0.96 -0.11 0.15 0.16 0.97
0.95 0.23 -0.19 -0.25 0.96 -0.11 0.15 0.15 0.97
0.95 0.23 -0.19 -0.25 0.96 -0.11 0.15 0.15 0.97
0.95 0.23 -0.19 -0.26 0.96 -0.11 0.15 0.15 0.97
0.95 0.23 -0.19 -0.26 0.96 -0.11 0.15 0.15 0.97
0.95 0.23 -0.19 -0.26 0.96 -0.11 0.15 0.15 0.97
0.95 0.23 -0.19 -0.26 0.96 -0.11 0.15 0.16 0.97
0.95 0.23 -0.19 -0.26 0.96 -0.11 0.15 0.15 0.97
0.95 0.23 -0.19 -0.26 0.96 -0.11 0.15 0.15 0.97
0.95 0.23 -0.19 -0.26 0.96 -0.11 0.15 0.15 0.97
0.95 0.23 -0.19 -0.26 0.96 -0.11 0.15 0.15 0.97
0.95 0.23 -0.19 -0.26 0.96 -0.11 0.15 0.15 0.97
0.95 0.23 -0.19 -0.26 0.96 -0.11 0.15 0.15 0.97
0.95 0.23 -0.19 -0.26 0.96 -0.11 0.15 0.15 0.97
0.95 0.23 -0.19 -0.26 0.96 -0.11 0.15 0.15 0.97
0.95 0.23 -0.19 -0.26 0.96 -0.11 0.15 0.15 0.97
0.95 0.23 -0.19 -0.26 0.96 -0.11 0.15 0.15 0.97
0.95 0.23 -0.19 -0.26 0.96 -0.11 0.15 0.15 0.97
0.95 0.23 -0.19 -0.26 0.96 -0.11 0.15 0.15 0.97
0.95 0.23 -0.19 -0.26 0.96 -0.11 0.15 0.15 0.97
0.95 0.23 -0.19 -0.26 0.96 -0.11 0.15 0.15 0.97
0.95 0.23 -0.19 -0.26 0.96 -0.11 0.15 0.15 0.97
0.95 0.23 -0.19 -0.26 0.96 -0.11 0.15 0.15 0.97
0.95 0.23 -0.19 -0.26 0.96 -0.11 0.15 0.15 0.97
0.95 0.23 -0.19 -0.26 0.96 -0.11 0.15 0.15 0.97
0.95 0.23 -0.19 -0.26 0.96 -0.11 0.15 0.15 0.97
0.95 0.23 -0.19 -0.26 0.96 -0.11 0.15 0.15 0.97
0.95 0.23 -0.19 -0.26 0.96 -0.11 0.15 0.15 0.97
0.95 0.23 -0.19 -0.26 0.96 -0.11 0.15 0.15 0.97
0.95 0.23 -0.19 -0.25 0.96 -0.11 0.15 0.15 0.97
0.95 0.23 -0.19 -0.25 0.96 -0.11 0.15 0.15 0.97
0.95 0.23 -0.19 -0.25 0.96 -0.11 0.15 0.15 0.97
0.95 0.23 -0.19 -0.25 0.96 -0.11 0.15 0.15 0.97
0.95 0.23 -0.19 -0.25 0.96 -0.11 0.15 0.16 0.97
0.95 0.23 -0.19 -0.25 0.96 -0.11 0.15 0.16 0.97
0.95 0.23 -0.19 -0.25 0.96 -0.11 0.15 0.16 0.97
0.95 0.23 -0.19 -0.25 0.96 -0.11 0.15 0.15 0.97
0.95 0.23 -0.19 -0.25 0.96 -0.11 0.15 0.15 0.97
0.95 0.23 -0.19 -0.25 0.96 -0.11 0.15 0.15 0.97
0.95 0.23 -0.19 -0.25 0.96 -0.11 0.15 0.16 0.97
0.95 0.23 -0.19 -0.25 0.96 -0.11 0.15 0.15 0.97
0.95 0.23 -0.19 -0.25 0.96 -0.11 0.15 0.15 0.97
0.95 0.23 -0.19 -0.25 0.96 -0.11 0.15 0.15 0.97
0.95 0.23 -0.19 -0.25 0.96 -0.11 0.15 0.15 0.97
0.95 0.23 -0.19 -0.25 0.96 -0.11 0.15 0.16 0.97
0.95 0.23 -0.19 -0.25 0.96 -0.11 0.16 0.15 0.97
0.95 0.23 -0.19 -0.25 0.96 -0.11 0.15 0.16 0.97
0.95 0.23 -0.19 -0.25 0.96 -0.11 0.15 0.16 0.97
0.95 0.23 -0.19 -0.25 0.96 -0.11 0.15 0.16 0.97
0.95 0.23 -0.19 -0.25 0.96 -0.11 0.15 0.16 0.97
0.95 0.23 -0.19 -0.25 0.96 -0.11 0.15 0.16 0.97
0.95 0.23 -0.19 -0.25 0.96 -0.11 0.16 0.16 0.97
0.95 0.23 -0.19 -0.25 0.96 -0.11 0.16 0.16 0.97
0.95 0.23 -0.19 -0.25 0.96 -0.11 0.15 0.16 0.97
0.95 0.23 -0.19 -0.25 0.96 -0.11 0.16 0.16 0.97
0.95 0.23 -0.19 -0.25 0.96 -0.11 0.16 0.16 0.97
0.95 0.23 -0.19 -0.25 0.96 -0.11 0.15 0.16 0.97
0.95 0.23 -0.19 -0.25 0.96 -0.11 0.15 0.16 0.97
0.95 0.23 -0.19 -0.25 0.96 -0.11 0.15 0.16 0.97
0.95 0.23 -0.19 -0.25 0.96 -0.11 0.16 0.16 0.97
0.95 0.23 -0.19 -0.25 0.96 -0.11 0.15 0.16 0.97
0.95 0.23 -0.19 -0.25 0.96 -0.11 0.16 0.16 0.97
0.95 0.23 -0.19 -0.25 0.96 -0.11 0.16 0.16 0.97
0.95 0.23 -0.19 -0.25 0.96 -0.11 0.16 0.16 0.97
0.95 0.23 -0.19 -0.25 0.96 -0.11 0.15 0.16 0.97
0.95 0.23 -0.19 -0.25 0.96 -0.11 0.15 0.16 0.97
0.95 0.23 -0.19 -0.25 0.96 -0.11 0.15 0.16 0.97
0.95 0.23 -0.19 -0.25 0.96 -0.11 0.15 0.15 0.97
0.95 0.23 -0.19 -0.25 0.96 -0.11 0.15 0.16 0.97
0.95 0.23 -0.19 -0.25 0.96 -0.11 0.15 0.15 0.97
0.95 0.23 -0.19 -0.25 0.96 -0.11 0.15 0.15 0.97
0.95 0.23 -0.19 -0.25 0.96 -0.11 0.15 0.15 0.97
0.95 0.23 -0.18 -0.25 0.96 -0.11 0.15 0.15 0.97
0.95 0.23 -0.18 -0.25 0.96 -0.11 0.15 0.15 0.97
0.95 0.23 -0.18 -0.25 0.96 -0.11 0.15 0.15 0.97
0.95 0.23 -0.19 -0.25 0.96 -0.11 0.15 0.15 0.97
0.95 0.23 -0.19 -0.25 0.96 -0.11 0.15 0.15 0.97
0.95 0.23 -0.18 -0.25 0.96 -0.11 0.15 0.15 0.97
0.95 0.23 -0.18 -0.25 0.96 -0.11 0.15 0.15 0.97
0.95 0.23 -0.18 -0.25 0.96 -0.11 0.15 0.15 0.97
0.95 0.23 -0.18 -0.25 0.96 -0.11 0.15 0.15 0.97
0.95 0.23 -0.18 -0.25 0.96 -0.11 0.15 0.15 0.97
0.95 0.23 -0.18 -0.25 0.96 -0.11 0.15 0.15 0.97
0.95 0.23 -0.18 -0.25 0.96 -0.11 0.15 0.15 0.97
0.95 0.23 -0.18 -0.25 0.96 -0.11 0.15 0.15 0.97
0.95 0.23 -0.18 -0.25 0.96 -0.11 0.15 0.15 0.97
0.95 0.23 -0.18 -0.25 0.96 -0.11 0.15 0.15 0.97
0.95 0.23 -0.18 -0.25 0.96 -0.11 0.15 0.15 0.97
0.95 0.23 -0.18 -0.25 0.96 -0.11 0.15 0.15 0.97
0.95 0.23 -0.18 -0.25 0.96 -0.11 0.15 0.15 0.97
0.95 0.23 -0.18 -0.25 0.96 -0.11 0.15 0.15 0.97
0.95 0.23 -0.18 -0.25 0.96 -0.11 0.15 0.15 0.97
0.95 0.23 -0.18 -0.25 0.96 -0.11 0.15 0.15 0.97
0.95 0.23 -0.18 -0.25 0.96 -0.11 0.15 0.15 0.97
0.95 0.23 -0.18 -0.25 0.96 -0.11 0.15 0.15 0.97
0.95 0.23 -0.18 -0.25 0.96 -0.11 0.15 0.15 0.97
0.95 0.23 -0.18 -0.25 0.96 -0.11 0.15 0.15 0.97
0.95 0.23 -0.18 -0.25 0.96 -0.11 0.15 0.15 0.97
0.95 0.23 -0.18 -0.25 0.96 -0.11 0.15 0.15 0.97
0.95 0.23 -0.18 -0.25 0.96 -0.1 0.15 0.15 0.97
0.95 0.23 -0.18 -0.25 0.96 -0.1 0.15 0.15 0.97
0.95 0.23 -0.18 -0.25 0.96 -0.1 0.15 0.15 0.97
0.95 0.23 -0.18 -0.25 0.96 -0.11 0.15 0.15 0.97
0.95 0.23 -0.18 -0.25 0.96 -0.1 0.15 0.15 0.97
0.95 0.23 -0.18 -0.25 0.96 -0.1 0.15 0.15 0.97
0.95 0.23 -0.18 -0.25 0.96 -0.1 0.15 0.15 0.97
0.95 0.23 -0.18 -0.25 0.96 -0.1 0.15 0.15 0.97
0.95 0.23 -0.18 -0.25 0.96 -0.1 0.15 0.15 0.97
0.95 0.23 -0.18 -0.25 0.96 -0.1 0.15 0.15 0.97
0.95 0.23 -0.18 -0.25 0.96 -0.1 0.15 0.14 0.97
0.95 0.23 -0.18 -0.25 0.96 -0.1 0.15 0.14 0.97
0.95 0.23 -0.18 -0.25 0.96 -0.11 0.15 0.15 0.97
0.95 0.23 -0.18 -0.25 0.96 -0.11 0.15 0.15 0.97
0.95 0.23 -0.18 -0.25 0.96 -0.1 0.15 0.15 0.97
0.95 0.23 -0.18 -0.25 0.96 -0.1 0.15 0.15 0.97
0.95 0.23 -0.18 -0.25 0.96 -0.11 0.15 0.15 0.97
0.95 0.23 -0.18 -0.25 0.96 -0.11 0.15 0.15 0.97
0.95 0.23 -0.18 -0.25 0.96 -0.1 0.15 0.14 0.97
0.95 0.23 -0.18 -0.25 0.96 -0.1 0.15 0.15 0.97
0.95 0.23 -0.18 -0.25 0.96 -0.11 0.15 0.15 0.97
0.95 0.23 -0.18 -0.25 0.96 -0.11 0.15 0.15 0.97
0.95 0.23 -0.18 -0.25 0.96 -0.1 0.15 0.15 0.97
0.95 0.23 -0.18 -0.25 0.96 -0.1 0.15 0.15 0.97
0.95 0.23 -0.18 -0.25 0.96 -0.1 0.15 0.15 0.97
0.95 0.23 -0.18 -0.25 0.96 -0.11 0.15 0.15 0.97
0.95 0.23 -0.18 -0.25 0.96 -0.1 0.15 0.15 0.97
0.95 0.23 -0.18 -0.25 0.96 -0.1 0.15 0.15 0.97
0.95 0.23 -0.18 -0.25 0.96 -0.11 0.15 0.15 0.97
0.95 0.23 -0.18 -0.25 0.96 -0.11 0.15 0.15 0.97
0.95 0.23 -0.18 -0.25 0.96 -0.11 0.15 0.15 0.97
0.95 0.23 -0.18 -0.25 0.96 -0.11 0.15 0.15 0.97
0.95 0.23 -0.18 -0.25 0.96 -0.11 0.15 0.15 0.97
0.95 0.23 -0.18 -0.25 0.96 -0.11 0.15 0.15 0.97
0.95 0.23 -0.18 -0.25 0.96 -0.11 0.15 0.15 0.97
0.95 0.23 -0.18 -0.25 0.96 -0.11 0.15 0.15 0.97
0.95 0.23 -0.18 -0.25 0.96 -0.11 0.15 0.15 0.97
0.95 0.23 -0.18 -0.25 0.96 -0.11 0.15 0.15 0.97
0.95 0.23 -0.19 -0.25 0.96 -0.11 0.15 0.15 0.97
0.95 0.23 -0.19 -0.25 0.96 -0.11 0.15 0.15 0.97
0.95 0.23 -0.19 -0.25 0.96 -0.11 0.16 0.15 0.97
0.95 0.23 -0.19 -0.25 0.96 -0.11 0.16 0.15 0.97
0.95 0.23 -0.19 -0.25 0.96 -0.11 0.16 0.15 0.97
0.95 0.23 -0.19 -0.25 0.96 -0.11 0.16 0.15 0.97
0.95 0.23 -0.19 -0.25 0.96 -0.11 0.16 0.15 0.97
0.95 0.23 -0.19 -0.25 0.96 -0.11 0.16 0.15 0.97
0.95 0.23 -0.19 -0.25 0.96 -0.11 0.16 0.15 0.97
0.95 0.23 -0.19 -0.25 0.96 -0.11 0.16 0.15 0.97
0.95 0.23 -0.19 -0.25 0.96 -0.11 0.16 0.15 0.97
0.95 0.23 -0.19 -0.25 0.96 -0.11 0.16 0.15 0.97
0.95 0.23 -0.19 -0.25 0.96 -0.11 0.16 0.15 0.97
0.95 0.23 -0.19 -0.25 0.96 -0.11 0.16 0.15 0.97
0.95 0.23 -0.19 -0.25 0.96 -0.11 0.16 0.15 0.97
0.95 0.23 -0.19 -0.25 0.96 -0.11 0.16 0.15 0.97
0.95 0.23 -0.19 -0.25 0.96 -0.11 0.16 0.15 0.97
0.95 0.23 -0.19 -0.25 0.96 -0.11 0.16 0.15 0.97
0.95 0.23 -0.19 -0.25 0.96 -0.11 0.16 0.15 0.97
0.95 0.23 -0.19 -0.25 0.96 -0.11 0.16 0.15 0.97
0.95 0.23 -0.19 -0.25 0.96 -0.11 0.16 0.15 0.97
0.95 0.23 -0.19 -0.25 0.96 -0.11 0.16 0.15 0.97
0.95 0.22 -0.19 -0.25 0.96 -0.11 0.16 0.15 0.97
0.95 0.23 -0.19 -0.25 0.96 -0.11 0.16 0.15 0.97
0.95 0.23 -0.19 -0.25 0.96 -0.11 0.16 0.15 0.97
0.95 0.23 -0.19 -0.25 0.96 -0.11 0.16 0.15 0.97
0.95 0.22 -0.19 -0.25 0.96 -0.11 0.16 0.15 0.97
0.95 0.22 -0.19 -0.25 0.96 -0.11 0.16 0.15 0.97
0.95 0.23 -0.19 -0.25 0.96 -0.11 0.16 0.15 0.97
0.95 0.23 -0.19 -0.25 0.96 -0.11 0.16 0.15 0.97
0.95 0.23 -0.19 -0.25 0.96 -0.11 0.16 0.15 0.97
0.95 0.22 -0.19 -0.25 0.96 -0.11 0.16 0.15 0.97
0.95 0.22 -0.19 -0.25 0.96 -0.11 0.16 0.15 0.97
0.95 0.22 -0.19 -0.25 0.96 -0.11 0.16 0.15 0.97
0.95 0.22 -0.19 -0.25 0.96 -0.11 0.16 0.15 0.97
0.95 0.22 -0.19 -0.25 0.96 -0.11 0.16 0.15 0.97
0.95 0.22 -0.19 -0.25 0.96 -0.11 0.16 0.15 0.97
0.95 0.22 -0.19 -0.25 0.96 -0.11 0.16 0.15 0.97
0.95 0.22 -0.19 -0.25 0.96 -0.11 0.16 0.15 0.97
0.95 0.22 -0.19 -0.25 0.96 -0.11 0.16 0.15 0.97
0.95 0.22 -0.19 -0.25 0.96 -0.11 0.16 0.15 0.97
0.95 0.22 -0.19 -0.25 0.96 -0.11 0.16 0.15 0.97
0.95 0.22 -0.19 -0.25 0.96 -0.11 0.16 0.15 0.97
0.95 0.22 -0.19 -0.25 0.96 -0.11 0.16 0.15 0.97
0.95 0.23 -0.19 -0.25 0.96 -0.11 0.16 0.15 0.97
0.95 0.23 -0.19 -0.25 0.96 -0.11 0.16 0.15 0.97
0.95 0.23 -0.19 -0.25 0.96 -0.11 0.16 0.15 0.97
0.95 0.22 -0.19 -0.25 0.96 -0.11 0.16 0.15 0.97
0.95 0.23 -0.19 -0.25 0.96 -0.11 0.16 0.15 0.97
0.95 0.23 -0.19 -0.25 0.96 -0.11 0.16 0.15 0.97
0.95 0.23 -0.19 -0.25 0.96 -0.11 0.16 0.15 0.97
0.95 0.23 -0.19 -0.25 0.96 -0.11 0.16 0.15 0.97
0.95 0.23 -0.19 -0.25 0.96 -0.11 0.16 0.15 0.97
0.95 0.23 -0.19 -0.25 0.96 -0.11 0.16 0.15 0.97
0.95 0.23 -0.19 -0.25 0.96 -0.11 0.16 0.15 0.97
0.95 0.23 -0.19 -0.25 0.96 -0.11 0.16 0.15 0.97
0.95 0.22 -0.19 -0.25 0.96 -0.11 0.16 0.15 0.97
0.95 0.22 -0.19 -0.25 0.96 -0.11 0.16 0.15 0.97
0.95 0.23 -0.19 -0.25 0.96 -0.11 0.16 0.15 0.97
0.95 0.23 -0.19 -0.25 0.96 -0.11 0.16 0.15 0.97
0.95 0.23 -0.19 -0.25 0.96 -0.11 0.16 0.15 0.97
0.95 0.23 -0.19 -0.25 0.96 -0.11 0.16 0.15 0.97
0.95 0.22 -0.19 -0.25 0.96 -0.11 0.16 0.15 0.97
0.95 0.22 -0.19 -0.25 0.96 -0.11 0.16 0.15 0.97
0.95 0.22 -0.19 -0.25 0.96 -0.11 0.16 0.15 0.97
0.95 0.22 -0.19 -0.25 0.96 -0.11 0.16 0.15 0.97
0.95 0.22 -0.19 -0.25 0.96 -0.11 0.16 0.15 0.97
0.95 0.22 -0.19 -0.25 0.96 -0.11 0.16 0.15 0.97
0.95 0.22 -0.19 -0.25 0.96 -0.11 0.16 0.15 0.97
0.95 0.22 -0.19 -0.25 0.96 -0.11 0.16 0.15 0.97
0.95 0.22 -0.19 -0.25 0.96 -0.11 0.16 0.15 0.97
0.95 0.22 -0.19 -0.25 0.96 -0.11 0.16 0.15 0.97
0.95 0.22 -0.19 -0.25 0.96 -0.11 0.16 0.15 0.97
0.95 0.22 -0.19 -0.25 0.96 -0.11 0.16 0.15 0.97
0.95 0.22 -0.19 -0.25 0.96 -0.11 0.16 0.15 0.97
0.95 0.22 -0.19 -0.25 0.96 -0.11 0.16 0.15 0.97
0.95 0.22 -0.19 -0.25 0.96 -0.11 0.16 0.15 0.97
0.95 0.22 -0.19 -0.25 0.96 -0.11 0.16 0.15 0.97
0.95 0.22 -0.19 -0.25 0.96 -0.11 0.16 0.15 0.97
0.95 0.22 -0.19 -0.25 0.96 -0.11 0.16 0.15 0.97
0.95 0.22 -0.19 -0.25 0.96 -0.11 0.16 0.15 0.97
0.95 0.22 -0.19 -0.25 0.96 -0.11 0.16 0.15 0.97
0.95 0.22 -0.19 -0.25 0.96 -0.11 0.16 0.15 0.97
0.95 0.22 -0.19 -0.25 0.96 -0.11 0.16 0.15 0.97
0.95 0.22 -0.19 -0.25 0.96 -0.11 0.16 0.15 0.97
0.95 0.22 -0.19 -0.25 0.96 -0.11 0.16 0.15 0.97
0.95 0.22 -0.19 -0.25 0.96 -0.11 0.16 0.15 0.97
0.95 0.22 -0.19 -0.25 0.96 -0.11 0.16 0.15 0.97
0.95 0.22 -0.19 -0.25 0.96 -0.11 0.16 0.15 0.97
0.95 0.22 -0.19 -0.25 0.96 -0.11 0.16 0.15 0.97
0.95 0.22 -0.19 -0.25 0.96 -0.11 0.16 0.15 0.97
0.95 0.22 -0.19 -0.25 0.96 -0.11 0.16 0.15 0.97
0.95 0.22 -0.19 -0.25 0.96 -0.11 0.16 0.15 0.97
0.95 0.22 -0.19 -0.25 0.96 -0.11 0.16 0.15 0.97
0.95 0.22 -0.19 -0.25 0.96 -0.11 0.16 0.15 0.97
0.95 0.22 -0.19 -0.25 0.96 -0.11 0.16 0.15 0.97
0.95 0.22 -0.19 -0.25 0.96 -0.11 0.16 0.15 0.97
0.95 0.22 -0.19 -0.25 0.96 -0.11 0.16 0.15 0.97
0.95 0.22 -0.19 -0.25 0.96 -0.11 0.16 0.15 0.97
0.95 0.22 -0.19 -0.25 0.96 -0.11 0.16 0.15 0.97
0.95 0.22 -0.19 -0.25 0.96 -0.11 0.16 0.15 0.97
0.95 0.22 -0.19 -0.25 0.96 -0.11 0.16 0.15 0.97
0.95 0.22 -0.19 -0.25 0.96 -0.11 0.16 0.15 0.97
0.95 0.22 -0.19 -0.25 0.96 -0.11 0.16 0.15 0.97
0.95 0.22 -0.19 -0.25 0.96 -0.11 0.16 0.15 0.97
0.95 0.22 -0.19 -0.25 0.96 -0.11 0.16 0.15 0.97
0.95 0.22 -0.19 -0.25 0.96 -0.11 0.16 0.15 0.97
0.95 0.22 -0.19 -0.25 0.96 -0.11 0.16 0.15 0.97
0.95 0.22 -0.19 -0.25 0.96 -0.11 0.16 0.15 0.97
0.95 0.22 -0.19 -0.25 0.96 -0.11 0.16 0.15 0.97
0.95 0.22 -0.19 -0.25 0.96 -0.11 0.16 0.15 0.97
0.95 0.22 -0.19 -0.25 0.96 -0.11 0.16 0.15 0.97
0.95 0.22 -0.19 -0.25 0.96 -0.11 0.16 0.15 0.97
0.95 0.22 -0.19 -0.25 0.96 -0.11 0.16 0.15 0.97
0.95 0.22 -0.19 -0.25 0.96 -0.11 0.16 0.15 0.97
0.95 0.22 -0.19 -0.25 0.96 -0.11 0.16 0.15 0.97
0.95 0.22 -0.19 -0.25 0.96 -0.11 0.16 0.15 0.97
0.95 0.22 -0.19 -0.25 0.96 -0.11 0.16 0.15 0.97
0.95 0.22 -0.19 -0.25 0.96 -0.11 0.16 0.15 0.97
0.95 0.22 -0.19 -0.25 0.96 -0.11 0.16 0.15 0.97
0.95 0.22 -0.19 -0.25 0.96 -0.11 0.16 0.15 0.97
0.95 0.22 -0.19 -0.25 0.96 -0.11 0.16 0.15 0.97
0.95 0.22 -0.19 -0.25 0.96 -0.11 0.16 0.15 0.97
0.95 0.22 -0.19 -0.25 0.96 -0.11 0.16 0.15 0.97
0.95 0.22 -0.19 -0.25 0.96 -0.11 0.16 0.15 0.97
0.95 0.22 -0.19 -0.25 0.96 -0.11 0.16 0.15 0.97
0.95 0.22 -0.19 -0.25 0.96 -0.11 0.16 0.15 0.97
0.95 0.22 -0.19 -0.25 0.96 -0.11 0.16 0.15 0.97
0.95 0.22 -0.19 -0.25 0.96 -0.11 0.16 0.15 0.97
0.95 0.22 -0.19 -0.25 0.96 -0.11 0.16 0.15 0.97
0.95 0.22 -0.19 -0.25 0.96 -0.11 0.16 0.15 0.97
0.95 0.22 -0.19 -0.25 0.96 -0.11 0.16 0.15 0.97
0.95 0.22 -0.19 -0.25 0.96 -0.11 0.16 0.15 0.97
0.95 0.22 -0.19 -0.25 0.96 -0.11 0.16 0.15 0.97
0.95 0.22 -0.19 -0.25 0.96 -0.11 0.16 0.15 0.97
0.95 0.22 -0.19 -0.25 0.96 -0.11 0.16 0.15 0.97
0.95 0.22 -0.19 -0.25 0.96 -0.11 0.16 0.15 0.97
0.95 0.22 -0.19 -0.25 0.96 -0.11 0.16 0.15 0.97
0.95 0.22 -0.19 -0.25 0.96 -0.11 0.16 0.15 0.97
0.95 0.22 -0.19 -0.25 0.96 -0.11 0.16 0.15 0.97
0.95 0.22 -0.19 -0.25 0.96 -0.11 0.16 0.15 0.97
0.95 0.22 -0.19 -0.25 0.96 -0.11 0.16 0.15 0.97
0.95 0.22 -0.19 -0.25 0.96 -0.11 0.16 0.15 0.97
0.95 0.22 -0.19 -0.25 0.96 -0.11 0.15 0.15 0.97
0.95 0.22 -0.19 -0.25 0.96 -0.11 0.15 0.15 0.97
0.95 0.22 -0.19 -0.25 0.96 -0.11 0.15 0.15 0.97
0.95 0.22 -0.19 -0.25 0.96 -0.11 0.15 0.15 0.97
0.95 0.22 -0.19 -0.25 0.96 -0.11 0.15 0.15 0.97
0.95 0.22 -0.19 -0.25 0.96 -0.11 0.15 0.15 0.97
0.95 0.22 -0.19 -0.24 0.96 -0.11 0.16 0.15 0.97
0.95 0.22 -0.19 -0.24 0.96 -0.11 0.15 0.15 0.97
0.95 0.22 -0.19 -0.24 0.96 -0.11 0.16 0.15 0.97
0.95 0.22 -0.19 -0.24 0.96 -0.11 0.15 0.15 0.97
0.95 0.22 -0.19 -0.24 0.96 -0.11 0.15 0.15 0.97
0.95 0.22 -0.19 -0.24 0.96 -0.11 0.15 0.15 0.97
0.95 0.22 -0.19 -0.24 0.96 -0.11 0.15 0.15 0.97
0.95 0.22 -0.19 -0.24 0.96 -0.11 0.15 0.15 0.97
0.95 0.22 -0.19 -0.24 0.96 -0.11 0.15 0.15 0.97
0.95 0.22 -0.19 -0.24 0.96 -0.11 0.16 0.15 0.97
0.95 0.22 -0.19 -0.24 0.96 -0.11 0.16 0.15 0.97
0.95 0.22 -0.19 -0.25 0.96 -0.11 0.16 0.15 0.97
0.95 0.22 -0.19 -0.24 0.96 -0.11 0.16 0.15 0.97
0.95 0.22 -0.19 -0.25 0.96 -0.11 0.16 0.15 0.97
0.95 0.22 -0.19 -0.25 0.96 -0.11 0.16 0.16 0.97
0.95 0.22 -0.19 -0.25 0.96 -0.11 0.16 0.16 0.97
0.95 0.22 -0.19 -0.24 0.96 -0.11 0.16 0.16 0.97
0.95 0.22 -0.19 -0.24 0.96 -0.11 0.16 0.16 0.97
0.95 0.22 -0.19 -0.24 0.96 -0.11 0.16 0.16 0.97
0.95 0.22 -0.19 -0.24 0.96 -0.11 0.16 0.16 0.97
0.95 0.22 -0.19 -0.24 0.96 -0.12 0.16 0.16 0.97
0.95 0.22 -0.19 -0.24 0.96 -0.12 0.16 0.16 0.97
0.95 0.22 -0.19 -0.24 0.96 -0.12 0.16 0.16 0.97
0.95 0.22 -0.19 -0.24 0.96 -0.12 0.16 0.16 0.97
0.95 0.22 -0.19 -0.25 0.96 -0.12 0.16 0.16 0.97
0.95 0.22 -0.19 -0.24 0.96 -0.12 0.16 0.16 0.97
0.95 0.22 -0.19 -0.25 0.96 -0.12 0.16 0.16 0.97
0.95 0.22 -0.19 -0.24 0.96 -0.12 0.16 0.16 0.97
0.95 0.22 -0.19 -0.24 0.96 -0.12 0.16 0.16 0.97
0.95 0.22 -0.2 -0.24 0.96 -0.12 0.16 0.16 0.97
0.95 0.22 -0.2 -0.24 0.96 -0.12 0.16 0.16 0.97
0.95 0.22 -0.2 -0.24 0.96 -0.12 0.16 0.16 0.97
0.95 0.22 -0.2 -0.24 0.96 -0.12 0.16 0.16 0.97
0.95 0.22 -0.19 -0.24 0.96 -0.12 0.16 0.16 0.97
0.95 0.22 -0.19 -0.25 0.96 -0.12 0.16 0.16 0.97
0.95 0.22 -0.19 -0.25 0.96 -0.12 0.16 0.16 0.97
0.95 0.22 -0.2 -0.25 0.96 -0.12 0.16 0.16 0.97
0.95 0.22 -0.2 -0.25 0.96 -0.12 0.16 0.16 0.97
0.95 0.22 -0.19 -0.25 0.96 -0.12 0.16 0.16 0.97
0.95 0.22 -0.19 -0.25 0.96 -0.12 0.16 0.16 0.97
0.95 0.22 -0.19 -0.25 0.96 -0.12 0.16 0.16 0.97
0.95 0.22 -0.19 -0.25 0.96 -0.12 0.16 0.16 0.97
0.95 0.22 -0.19 -0.25 0.96 -0.12 0.16 0.16 0.97
0.95 0.22 -0.19 -0.25 0.96 -0.12 0.16 0.16 0.97
0.95 0.22 -0.19 -0.25 0.96 -0.12 0.16 0.16 0.97
0.95 0.22 -0.19 -0.25 0.96 -0.12 0.16 0.16 0.97
0.95 0.22 -0.19 -0.25 0.96 -0.12 0.16 0.16 0.97
0.95 0.22 -0.19 -0.25 0.96 -0.12 0.16 0.16 0.97
0.95 0.22 -0.19 -0.25 0.96 -0.12 0.16 0.16 0.97
0.95 0.22 -0.19 -0.25 0.96 -0.12 0.16 0.16 0.97
0.95 0.22 -0.19 -0.25 0.96 -0.12 0.16 0.16 0.97
0.95 0.22 -0.19 -0.25 0.96 -0.12 0.16 0.16 0.97
0.95 0.22 -0.19 -0.25 0.96 -0.12 0.16 0.16 0.97
0.95 0.22 -0.19 -0.25 0.96 -0.12 0.16 0.16 0.97
0.95 0.22 -0.19 -0.25 0.96 -0.12 0.16 0.16 0.97
0.95 0.22 -0.19 -0.25 0.96 -0.12 0.16 0.16 0.97
0.95 0.22 -0.19 -0.24 0.96 -0.11 0.16 0.16 0.97
0.95 0.22 -0.19 -0.24 0.96 -0.12 0.16 0.16 0.97
0.95 0.22 -0.19 -0.24 0.96 -0.12 0.16 0.16 0.97
0.95 0.22 -0.19 -0.24 0.96 -0.11 0.16 0.16 0.97
0.95 0.22 -0.19 -0.24 0.96 -0.11 0.16 0.16 0.97
0.95 0.22 -0.19 -0.24 0.96 -0.12 0.16 0.16 0.97
0.95 0.22 -0.19 -0.24 0.96 -0.12 0.16 0.16 0.97
0.95 0.22 -0.19 -0.24 0.96 -0.11 0.16 0.16 0.97
0.95 0.22 -0.19 -0.24 0.96 -0.11 0.16 0.16 0.97
0.95 0.22 -0.19 -0.24 0.96 -0.11 0.16 0.16 0.97
0.95 0.22 -0.19 -0.24 0.96 -0.11 0.16 0.16 0.97
0.95 0.22 -0.19 -0.24 0.96 -0.11 0.16 0.16 0.97
0.95 0.22 -0.19 -0.24 0.96 -0.11 0.16 0.16 0.97
0.95 0.22 -0.19 -0.24 0.96 -0.11 0.16 0.16 0.97
0.95 0.22 -0.19 -0.24 0.96 -0.11 0.16 0.16 0.97
0.95 0.22 -0.19 -0.24 0.96 -0.11 0.16 0.16 0.97
0.95 0.22 -0.19 -0.24 0.96 -0.11 0.16 0.16 0.97
0.95 0.22 -0.19 -0.24 0.96 -0.11 0.16 0.16 0.97
0.95 0.22 -0.19 -0.24 0.96 -0.11 0.16 0.16 0.97
0.95 0.22 -0.19 -0.24 0.96 -0.11 0.16 0.16 0.97
0.95 0.22 -0.19 -0.24 0.96 -0.11 0.16 0.16 0.97
0.95 0.22 -0.19 -0.24 0.96 -0.11 0.16 0.16 0.97
0.95 0.22 -0.19 -0.24 0.96 -0.11 0.16 0.16 0.97
0.95 0.22 -0.19 -0.24 0.96 -0.11 0.16 0.16 0.97
0.95 0.22 -0.19 -0.24 0.96 -0.11 0.16 0.16 0.97
0.95 0.22 -0.19 -0.24 0.96 -0.11 0.16 0.16 0.97
0.95 0.22 -0.19 -0.24 0.96 -0.11 0.16 0.16 0.97
0.95 0.22 -0.19 -0.24 0.96 -0.12 0.16 0.16 0.97
0.95 0.22 -0.19 -0.24 0.96 -0.12 0.16 0.16 0.97
0.95 0.22 -0.19 -0.24 0.96 -0.12 0.16 0.16 0.97
0.95 0.22 -0.19 -0.24 0.96 -0.12 0.16 0.16 0.97
0.95 0.22 -0.19 -0.24 0.96 -0.12 0.16 0.16 0.97
0.95 0.22 -0.19 -0.24 0.96 -0.12 0.16 0.16 0.97
0.95 0.22 -0.19 -0.24 0.96 -0.12 0.16 0.16 0.97
0.95 0.22 -0.19 -0.24 0.96 -0.11 0.16 0.16 0.97
0.95 0.22 -0.19 -0.24 0.96 -0.11 0.16 0.16 0.97
0.95 0.22 -0.19 -0.24 0.96 -0.11 0.16 0.15 0.97
0.95 0.22 -0.19 -0.24 0.96 -0.11 0.16 0.16 0.97
0.95 0.22 -0.19 -0.24 0.96 -0.11 0.16 0.15 0.97
0.95 0.22 -0.19 -0.24 0.96 -0.11 0.16 0.15 0.97
0.95 0.22 -0.19 -0.24 0.96 -0.11 0.16 0.15 0.97
0.95 0.22 -0.19 -0.24 0.96 -0.11 0.16 0.15 0.97
0.95 0.22 -0.19 -0.24 0.96 -0.11 0.16 0.15 0.97
0.95 0.22 -0.19 -0.24 0.96 -0.11 0.16 0.15 0.97
0.95 0.22 -0.19 -0.24 0.96 -0.11 0.16 0.15 0.97
0.95 0.22 -0.19 -0.24 0.96 -0.11 0.16 0.15 0.97
0.95 0.22 -0.19 -0.24 0.96 -0.11 0.16 0.15 0.97
0.95 0.22 -0.19 -0.24 0.96 -0.11 0.16 0.15 0.97
0.95 0.22 -0.19 -0.24 0.96 -0.11 0.16 0.15 0.97
0.95 0.22 -0.19 -0.24 0.96 -0.11 0.16 0.15 0.97
0.95 0.22 -0.19 -0.24 0.96 -0.11 0.16 0.15 0.97
0.95 0.22 -0.19 -0.24 0.96 -0.11 0.16 0.15 0.97
0.95 0.22 -0.19 -0.24 0.96 -0.11 0.16 0.15 0.97
0.95 0.22 -0.19 -0.24 0.96 -0.11 0.16 0.15 0.97
0.95 0.22 -0.19 -0.24 0.96 -0.11 0.16 0.15 0.97
0.95 0.22 -0.19 -0.24 0.96 -0.11 0.16 0.15 0.97
0.95 0.22 -0.19 -0.24 0.96 -0.11 0.16 0.15 0.97
0.95 0.22 -0.19 -0.24 0.96 -0.11 0.16 0.15 0.97
0.95 0.22 -0.19 -0.24 0.96 -0.11 0.16 0.15 0.97
0.95 0.22 -0.19 -0.24 0.96 -0.11 0.16 0.15 0.97
0.95 0.22 -0.19 -0.24 0.96 -0.11 0.16 0.15 0.97
0.95 0.22 -0.19 -0.24 0.96 -0.11 0.16 0.15 0.97
0.95 0.22 -0.19 -0.24 0.96 -0.11 0.16 0.15 0.97
0.95 0.22 -0.19 -0.24 0.96 -0.11 0.16 0.15 0.97
0.95 0.22 -0.19 -0.24 0.96 -0.11 0.16 0.15 0.97
0.95 0.22 -0.19 -0.24 0.96 -0.11 0.16 0.15 0.97
0.95 0.22 -0.19 -0.24 0.96 -0.11 0.16 0.15 0.97
0.95 0.22 -0.19 -0.24 0.96 -0.11 0.16 0.15 0.97
0.95 0.22 -0.19 -0.24 0.96 -0.11 0.16 0.15 0.97
0.95 0.22 -0.19 -0.24 0.96 -0.11 0.16 0.15 0.97
0.95 0.22 -0.19 -0.24 0.96 -0.11 0.16 0.15 0.97
0.95 0.22 -0.19 -0.24 0.96 -0.11 0.16 0.15 0.97
0.95 0.22 -0.19 -0.24 0.96 -0.11 0.16 0.15 0.97
0.95 0.22 -0.19 -0.24 0.96 -0.11 0.16 0.15 0.97
0.95 0.22 -0.19 -0.24 0.96 -0.11 0.16 0.15 0.97
0.95 0.22 -0.19 -0.24 0.96 -0.11 0.16 0.15 0.97
0.95 0.22 -0.19 -0.24 0.96 -0.11 0.16 0.15 0.97
0.95 0.22 -0.19 -0.24 0.96 -0.11 0.16 0.15 0.97
0.95 0.22 -0.19 -0.24 0.96 -0.11 0.16 0.15 0.97
0.95 0.22 -0.19 -0.24 0.96 -0.11 0.16 0.15 0.97
0.95 0.22 -0.19 -0.24 0.96 -0.11 0.16 0.15 0.97
0.95 0.22 -0.19 -0.24 0.96 -0.11 0.16 0.15 0.97
0.95 0.22 -0.19 -0.24 0.96 -0.11 0.16 0.15 0.97
0.95 0.22 -0.19 -0.24 0.96 -0.11 0.16 0.15 0.97
0.95 0.22 -0.19 -0.24 0.96 -0.11 0.16 0.15 0.97
0.95 0.22 -0.19 -0.24 0.96 -0.11 0.16 0.15 0.97
0.95 0.22 -0.19 -0.24 0.96 -0.11 0.16 0.15 0.97
0.95 0.22 -0.19 -0.24 0.96 -0.11 0.16 0.15 0.97
0.95 0.22 -0.19 -0.24 0.96 -0.11 0.16 0.15 0.97
0.95 0.22 -0.19 -0.24 0.96 -0.11 0.16 0.15 0.97
0.95 0.22 -0.19 -0.24 0.96 -0.11 0.16 0.15 0.97
0.95 0.22 -0.19 -0.24 0.96 -0.11 0.16 0.15 0.97
0.95 0.22 -0.19 -0.24 0.96 -0.11 0.16 0.15 0.97
0.95 0.22 -0.19 -0.24 0.96 -0.11 0.16 0.15 0.97
0.95 0.22 -0.19 -0.24 0.96 -0.11 0.16 0.15 0.97
0.95 0.22 -0.19 -0.24 0.96 -0.11 0.16 0.15 0.97
0.95 0.22 -0.19 -0.24 0.96 -0.11 0.16 0.15 0.97
0.95 0.22 -0.19 -0.24 0.96 -0.11 0.16 0.15 0.97
0.95 0.22 -0.19 -0.24 0.96 -0.11 0.16 0.15 0.97
0.95 0.22 -0.19 -0.24 0.96 -0.11 0.16 0.15 0.97
0.95 0.22 -0.19 -0.24 0.96 -0.11 0.16 0.15 0.97
0.95 0.22 -0.19 -0.24 0.96 -0.11 0.16 0.15 0.97
0.95 0.22 -0.19 -0.24 0.96 -0.11 0.16 0.15 0.97
0.95 0.22 -0.19 -0.24 0.96 -0.11 0.16 0.15 0.97
0.95 0.22 -0.19 -0.24 0.96 -0.11 0.16 0.15 0.97
0.95 0.22 -0.19 -0.24 0.96 -0.11 0.16 0.15 0.97
0.95 0.22 -0.19 -0.24 0.96 -0.11 0.16 0.15 0.97
0.95 0.22 -0.19 -0.24 0.96 -0.11 0.16 0.15 0.97
0.95 0.22 -0.19 -0.24 0.96 -0.11 0.16 0.15 0.97
0.95 0.22 -0.19 -0.24 0.96 -0.11 0.16 0.15 0.97
0.95 0.22 -0.19 -0.24 0.96 -0.11 0.16 0.15 0.97
0.95 0.22 -0.19 -0.24 0.96 -0.11 0.16 0.15 0.97
0.95 0.22 -0.19 -0.24 0.96 -0.11 0.16 0.15 0.97
0.95 0.22 -0.19 -0.24 0.96 -0.11 0.16 0.15 0.97
0.95 0.22 -0.19 -0.24 0.96 -0.11 0.16 0.15 0.97
0.95 0.22 -0.19 -0.24 0.96 -0.11 0.16 0.15 0.97
0.95 0.22 -0.19 -0.24 0.96 -0.11 0.16 0.15 0.97
0.95 0.22 -0.19 -0.24 0.96 -0.11 0.16 0.15 0.97
0.95 0.22 -0.19 -0.24 0.96 -0.11 0.16 0.15 0.97
0.95 0.22 -0.19 -0.24 0.96 -0.11 0.16 0.15 0.97
0.95 0.22 -0.19 -0.25 0.96 -0.11 0.16 0.15 0.97
0.95 0.22 -0.19 -0.24 0.96 -0.11 0.16 0.15 0.97
0.95 0.22 -0.19 -0.24 0.96 -0.11 0.16 0.15 0.97
0.95 0.22 -0.19 -0.24 0.96 -0.11 0.16 0.15 0.97
0.95 0.22 -0.19 -0.24 0.96 -0.11 0.16 0.15 0.97
0.95 0.22 -0.19 -0.24 0.96 -0.11 0.16 0.15 0.97
0.95 0.22 -0.19 -0.24 0.96 -0.11 0.16 0.15 0.97
0.95 0.22 -0.19 -0.24 0.96 -0.11 0.16 0.15 0.97
0.95 0.22 -0.19 -0.24 0.96 -0.11 0.16 0.15 0.97
0.95 0.22 -0.19 -0.24 0.96 -0.11 0.16 0.15 0.97
0.95 0.22 -0.19 -0.24 0.96 -0.11 0.16 0.15 0.97
0.95 0.22 -0.19 -0.24 0.96 -0.11 0.16 0.15 0.97
0.95 0.22 -0.19 -0.24 0.96 -0.11 0.16 0.15 0.97
0.95 0.22 -0.19 -0.24 0.96 -0.11 0.16 0.15 0.97
0.95 0.22 -0.19 -0.24 0.96 -0.11 0.16 0.15 0.97
0.95 0.22 -0.19 -0.24 0.96 -0.11 0.16 0.15 0.97
0.95 0.22 -0.19 -0.24 0.96 -0.11 0.16 0.15 0.97
0.95 0.22 -0.19 -0.24 0.96 -0.11 0.16 0.15 0.97
0.95 0.22 -0.19 -0.24 0.96 -0.11 0.16 0.15 0.97
0.95 0.22 -0.19 -0.24 0.96 -0.11 0.16 0.15 0.97
0.95 0.22 -0.19 -0.24 0.96 -0.11 0.16 0.15 0.97
0.95 0.22 -0.19 -0.24 0.96 -0.11 0.16 0.15 0.97
0.95 0.22 -0.19 -0.24 0.96 -0.11 0.16 0.15 0.97
0.95 0.22 -0.19 -0.24 0.96 -0.11 0.16 0.15 0.97
0.95 0.22 -0.19 -0.24 0.96 -0.11 0.16 0.15 0.97
0.95 0.22 -0.19 -0.24 0.96 -0.11 0.16 0.15 0.97
0.95 0.22 -0.19 -0.24 0.96 -0.11 0.16 0.15 0.97
0.95 0.22 -0.19 -0.24 0.96 -0.11 0.16 0.15 0.97
0.95 0.22 -0.19 -0.24 0.96 -0.11 0.16 0.15 0.97
0.95 0.22 -0.19 -0.24 0.96 -0.11 0.16 0.15 0.97
0.95 0.22 -0.19 -0.24 0.96 -0.11 0.16 0.15 0.97
0.95 0.22 -0.19 -0.24 0.96 -0.11 0.16 0.15 0.97
0.95 0.22 -0.19 -0.24 0.96 -0.11 0.16 0.15 0.97
0.95 0.22 -0.19 -0.24 0.96 -0.11 0.16 0.15 0.97
0.95 0.22 -0.19 -0.24 0.96 -0.11 0.16 0.15 0.97
0.95 0.22 -0.19 -0.24 0.96 -0.11 0.16 0.15 0.97
0.95 0.22 -0.19 -0.24 0.96 -0.11 0.16 0.15 0.97
0.95 0.22 -0.19 -0.24 0.96 -0.11 0.16 0.15 0.97
0.95 0.22 -0.19 -0.24 0.96 -0.11 0.16 0.15 0.97
0.95 0.22 -0.19 -0.24 0.96 -0.11 0.16 0.15 0.97
0.95 0.22 -0.19 -0.24 0.96 -0.11 0.16 0.15 0.97
0.95 0.22 -0.19 -0.24 0.96 -0.11 0.16 0.15 0.97
0.95 0.22 -0.19 -0.24 0.96 -0.11 0.16 0.15 0.97
0.95 0.22 -0.19 -0.24 0.96 -0.11 0.16 0.15 0.97
0.95 0.22 -0.19 -0.24 0.96 -0.11 0.16 0.15 0.97
0.95 0.22 -0.19 -0.24 0.96 -0.11 0.16 0.15 0.97
0.95 0.22 -0.19 -0.24 0.96 -0.11 0.16 0.15 0.97
0.95 0.22 -0.19 -0.24 0.96 -0.11 0.16 0.15 0.97
0.95 0.22 -0.19 -0.24 0.96 -0.11 0.16 0.15 0.97
0.95 0.22 -0.19 -0.24 0.96 -0.11 0.16 0.15 0.97
0.95 0.22 -0.19 -0.24 0.96 -0.11 0.16 0.15 0.97
0.95 0.22 -0.19 -0.24 0.96 -0.11 0.16 0.15 0.97
0.95 0.22 -0.19 -0.24 0.96 -0.11 0.16 0.15 0.97
0.95 0.22 -0.19 -0.24 0.96 -0.11 0.16 0.15 0.97
0.95 0.22 -0.19 -0.24 0.96 -0.11 0.16 0.15 0.97
0.95 0.22 -0.19 -0.24 0.96 -0.11 0.16 0.15 0.97
0.95 0.22 -0.19 -0.24 0.96 -0.11 0.16 0.15 0.97
0.95 0.22 -0.19 -0.24 0.96 -0.11 0.16 0.15 0.97
0.95 0.22 -0.19 -0.24 0.96 -0.11 0.16 0.15 0.97
0.95 0.22 -0.19 -0.24 0.96 -0.11 0.16 0.15 0.97
0.95 0.22 -0.19 -0.24 0.96 -0.11 0.16 0.15 0.97
0.95 0.22 -0.19 -0.24 0.96 -0.11 0.16 0.15 0.97
0.95 0.22 -0.19 -0.24 0.96 -0.11 0.16 0.15 0.97
0.95 0.22 -0.19 -0.24 0.96 -0.11 0.16 0.15 0.97
0.95 0.22 -0.19 -0.24 0.96 -0.11 0.16 0.15 0.97
0.95 0.22 -0.19 -0.24 0.96 -0.11 0.16 0.15 0.97
0.95 0.22 -0.19 -0.24 0.96 -0.11 0.16 0.15 0.97
0.95 0.22 -0.19 -0.24 0.96 -0.11 0.15 0.15 0.97
0.95 0.22 -0.19 -0.24 0.96 -0.11 0.15 0.15 0.97
0.95 0.22 -0.19 -0.24 0.96 -0.11 0.16 0.15 0.97
0.95 0.22 -0.19 -0.24 0.96 -0.11 0.15 0.15 0.97
0.95 0.22 -0.19 -0.24 0.96 -0.11 0.15 0.15 0.97
0.95 0.22 -0.19 -0.24 0.96 -0.11 0.15 0.15 0.97
0.95 0.22 -0.19 -0.24 0.96 -0.11 0.15 0.15 0.97
0.95 0.22 -0.19 -0.24 0.96 -0.11 0.15 0.15 0.97
0.95 0.22 -0.19 -0.24 0.96 -0.11 0.15 0.15 0.97
0.95 0.22 -0.19 -0.24 0.96 -0.11 0.15 0.15 0.97
0.95 0.22 -0.19 -0.24 0.96 -0.11 0.16 0.15 0.97
0.95 0.22 -0.19 -0.24 0.96 -0.11 0.16 0.15 0.97
0.95 0.22 -0.19 -0.24 0.96 -0.11 0.16 0.15 0.97
0.95 0.22 -0.19 -0.24 0.96 -0.11 0.16 0.15 0.97
0.95 0.22 -0.19 -0.24 0.96 -0.11 0.16 0.15 0.97
0.95 0.22 -0.19 -0.24 0.96 -0.11 0.16 0.15 0.97
0.95 0.22 -0.19 -0.24 0.96 -0.11 0.16 0.15 0.97
0.95 0.22 -0.19 -0.24 0.96 -0.11 0.16 0.15 0.97
0.95 0.22 -0.19 -0.24 0.96 -0.11 0.16 0.15 0.97
0.95 0.22 -0.19 -0.24 0.96 -0.11 0.16 0.15 0.97
0.95 0.22 -0.19 -0.24 0.96 -0.11 0.16 0.15 0.97
0.95 0.22 -0.19 -0.24 0.96 -0.11 0.16 0.15 0.97
0.95 0.22 -0.19 -0.24 0.96 -0.11 0.16 0.15 0.97
0.95 0.22 -0.19 -0.24 0.96 -0.11 0.16 0.15 0.97
0.95 0.22 -0.19 -0.24 0.96 -0.11 0.16 0.15 0.97
0.95 0.22 -0.19 -0.24 0.96 -0.11 0.16 0.15 0.97
0.95 0.22 -0.19 -0.24 0.96 -0.11 0.16 0.15 0.97
0.95 0.22 -0.19 -0.24 0.96 -0.11 0.16 0.15 0.97
0.95 0.22 -0.19 -0.24 0.96 -0.11 0.16 0.15 0.97
0.95 0.22 -0.19 -0.24 0.96 -0.11 0.16 0.15 0.97
0.95 0.22 -0.19 -0.24 0.96 -0.11 0.16 0.15 0.97
0.95 0.22 -0.19 -0.24 0.96 -0.11 0.16 0.15 0.97
0.95 0.22 -0.19 -0.24 0.96 -0.11 0.16 0.15 0.97
0.95 0.22 -0.19 -0.24 0.96 -0.11 0.16 0.15 0.97
0.95 0.22 -0.19 -0.24 0.96 -0.11 0.16 0.15 0.97
0.95 0.22 -0.19 -0.24 0.96 -0.11 0.16 0.15 0.97
0.95 0.22 -0.19 -0.24 0.96 -0.11 0.16 0.15 0.97
0.95 0.22 -0.19 -0.24 0.96 -0.11 0.16 0.15 0.97
0.95 0.22 -0.19 -0.24 0.96 -0.11 0.16 0.15 0.97
0.95 0.22 -0.19 -0.24 0.96 -0.11 0.16 0.15 0.97
0.95 0.22 -0.19 -0.24 0.96 -0.11 0.16 0.15 0.97
0.95 0.22 -0.19 -0.24 0.96 -0.11 0.16 0.15 0.97
0.95 0.22 -0.19 -0.24 0.96 -0.11 0.16 0.15 0.97
0.95 0.22 -0.19 -0.24 0.96 -0.11 0.16 0.15 0.97
0.95 0.22 -0.19 -0.24 0.96 -0.11 0.16 0.15 0.97
0.95 0.22 -0.19 -0.24 0.96 -0.11 0.16 0.15 0.97
0.95 0.22 -0.19 -0.24 0.96 -0.11 0.16 0.15 0.97
0.95 0.22 -0.19 -0.24 0.96 -0.11 0.16 0.15 0.97
0.95 0.22 -0.19 -0.24 0.96 -0.11 0.16 0.15 0.97
0.95 0.22 -0.19 -0.24 0.96 -0.11 0.16 0.15 0.97
0.95 0.22 -0.19 -0.24 0.96 -0.11 0.16 0.15 0.97
0.95 0.22 -0.19 -0.24 0.96 -0.11 0.16 0.15 0.97
